Accuracy: 0.8208333333333333

Performance Report: 
              precision    recall  f1-score   support

       chr_x       0.66      0.68      0.67        37
      chr_01       0.93      0.93      0.93        14
      chr_02       0.87      0.93      0.90        14
      chr_03       0.93      0.93      0.93        14
      chr_04       0.85      0.79      0.81        14
      chr_05       0.93      0.97      0.95        40
      chr_06       0.86      0.86      0.86        14
      chr_07       0.73      0.79      0.76        14
      chr_08       0.75      0.86      0.80        14
      chr_09       0.75      0.69      0.72        52
      chr_10       0.79      0.79      0.79        14
      chr_11       1.00      0.86      0.92        14
      chr_12       1.00      0.92      0.96        13
      chr_13       0.85      0.79      0.81        14
      chr_14       0.67      0.57      0.62        14
      chr_15       0.50      0.57      0.53        14
      chr_16       0.73      0.85      0.79        13
      chr_17       0.82      1.00      0.90        14
      chr_18       0.94      0.91      0.93        35
      chr_19       0.93      0.93      0.93        14
      chr_20       1.00      1.00      1.00        14
      chr_21       0.57      0.62      0.59        13
      chr_22       0.64      0.64      0.64        14
       chr_y       0.92      0.87      0.89        53

   micro avg       0.82      0.82      0.82       480
   macro avg       0.82      0.82      0.82       480
weighted avg       0.82      0.82      0.82       480


Confusion Matrix: 
        chr_x  chr_01  chr_02  chr_03  chr_04  chr_05  chr_06  chr_07  chr_08  \
chr_x      25       1       0       0       0       0       2       0       0   
chr_01      0      13       1       0       0       0       0       0       0   
chr_02      0       0      13       1       0       0       0       0       0   
chr_03      0       0       0      13       1       0       0       0       0   
chr_04      0       0       0       0      11       3       0       0       0   
chr_05      0       0       0       0       1      39       0       0       0   
chr_06      1       0       0       0       0       0      12       0       1   
chr_07      3       0       0       0       0       0       0      11       0   
chr_08      1       0       0       0       0       0       0       0      12   
chr_09      8       0       1       0       0       0       0       3       1   
chr_10      0       0       0       0       0       0       0       0       0   
chr_11      0       0       0       0       0       0       0       1       0   
chr_12      0       0       0       0       0       0       0       0       0   
chr_13      0       0       0       0       0       0       0       0       0   
chr_14      0       0       0       0       0       0       0       0       0   
chr_15      0       0       0       0       0       0       0       0       0   
chr_16      0       0       0       0       0       0       0       0       0   
chr_17      0       0       0       0       0       0       0       0       0   
chr_18      0       0       0       0       0       0       0       0       2   
chr_19      0       0       0       0       0       0       0       0       0   
chr_20      0       0       0       0       0       0       0       0       0   
chr_21      0       0       0       0       0       0       0       0       0   
chr_22      0       0       0       0       0       0       0       0       0   
chr_y       0       0       0       0       0       0       0       0       0   

        chr_09  ...  chr_14  chr_15  chr_16  chr_17  chr_18  chr_19  chr_20  \
chr_x        9  ...       0       0       0       0       0       0       0   
chr_01       0  ...       0       0       0       0       0       0       0   
chr_02       0  ...       0       0       0       0       0       0       0   
chr_03       0  ...       0       0       0       0       0       0       0   
chr_04       0  ...       0       0       0       0       0       0       0   
chr_05       0  ...       0       0       0       0       0       0       0   
chr_06       0  ...       0       0       0       0       0       0       0   
chr_07       0  ...       0       0       0       0       0       0       0   
chr_08       0  ...       0       0       1       0       0       0       0   
chr_09      36  ...       0       0       1       0       0       0       0   
chr_10       2  ...       0       0       0       1       0       0       0   
chr_11       0  ...       0       0       0       0       0       0       0   
chr_12       0  ...       0       0       0       1       0       0       0   
chr_13       0  ...       0       3       0       0       0       0       0   
chr_14       0  ...       8       4       0       0       0       0       0   
chr_15       0  ...       4       8       1       0       1       0       0   
chr_16       1  ...       0       0      11       1       0       0       0   
chr_17       0  ...       0       0       0      14       0       0       0   
chr_18       0  ...       0       0       0       0      32       0       0   
chr_19       0  ...       0       0       1       0       0      13       0   
chr_20       0  ...       0       0       0       0       0       0      14   
chr_21       0  ...       0       0       0       0       0       1       0   
chr_22       0  ...       0       0       0       0       0       0       0   
chr_y        0  ...       0       1       0       0       1       0       0   

        chr_21  chr_22  chr_y  
chr_x        0       0      0  
chr_01       0       0      0  
chr_02       0       0      0  
chr_03       0       0      0  
chr_04       0       0      0  
chr_05       0       0      0  
chr_06       0       0      0  
chr_07       0       0      0  
chr_08       0       0      0  
chr_09       0       0      0  
chr_10       0       0      0  
chr_11       0       0      0  
chr_12       0       0      0  
chr_13       0       0      0  
chr_14       0       0      0  
chr_15       0       0      0  
chr_16       0       0      0  
chr_17       0       0      0  
chr_18       0       0      1  
chr_19       0       0      0  
chr_20       0       0      0  
chr_21       8       2      2  
chr_22       4       9      1  
chr_y        2       3     46  

[24 rows x 24 columns].

