Accuracy: 0.8737060041407867

Performance Report: 
              precision    recall  f1-score   support

       chr_x       0.80      0.84      0.82        38
      chr_01       0.75      0.86      0.80        14
      chr_02       0.83      0.71      0.77        14
      chr_03       1.00      1.00      1.00        14
      chr_04       0.86      0.86      0.86        14
      chr_05       0.93      0.93      0.93        40
      chr_06       0.93      1.00      0.97        14
      chr_07       1.00      0.71      0.83        14
      chr_08       0.91      0.71      0.80        14
      chr_09       0.79      0.85      0.81        52
      chr_10       1.00      0.93      0.96        14
      chr_11       0.93      0.93      0.93        14
      chr_12       1.00      1.00      1.00        14
      chr_13       0.86      0.86      0.86        14
      chr_14       0.71      0.71      0.71        14
      chr_15       0.71      0.71      0.71        14
      chr_16       0.92      0.86      0.89        14
      chr_17       1.00      0.93      0.96        14
      chr_18       0.94      0.94      0.94        35
      chr_19       0.87      0.93      0.90        14
      chr_20       0.93      1.00      0.97        14
      chr_21       0.80      0.92      0.86        13
      chr_22       0.77      0.71      0.74        14
       chr_y       0.91      0.91      0.91        53

   micro avg       0.87      0.87      0.87       483
   macro avg       0.88      0.87      0.87       483
weighted avg       0.88      0.87      0.87       483


Confusion Matrix: 
        chr_x  chr_01  chr_02  chr_03  chr_04  chr_05  chr_06  chr_07  chr_08  \
chr_x      32       0       1       0       0       0       0       0       0   
chr_01      0      12       1       0       0       0       0       0       0   
chr_02      0       4      10       0       0       0       0       0       0   
chr_03      0       0       0      14       0       0       0       0       0   
chr_04      0       0       0       0      12       2       0       0       0   
chr_05      1       0       0       0       2      37       0       0       0   
chr_06      0       0       0       0       0       0      14       0       0   
chr_07      0       0       0       0       0       0       0      10       0   
chr_08      1       0       0       0       0       0       1       0      10   
chr_09      6       0       0       0       0       1       0       0       0   
chr_10      0       0       0       0       0       0       0       0       1   
chr_11      0       0       0       0       0       0       0       0       0   
chr_12      0       0       0       0       0       0       0       0       0   
chr_13      0       0       0       0       0       0       0       0       0   
chr_14      0       0       0       0       0       0       0       0       0   
chr_15      0       0       0       0       0       0       0       0       0   
chr_16      0       0       0       0       0       0       0       0       0   
chr_17      0       0       0       0       0       0       0       0       0   
chr_18      0       0       0       0       0       0       0       0       0   
chr_19      0       0       0       0       0       0       0       0       0   
chr_20      0       0       0       0       0       0       0       0       0   
chr_21      0       0       0       0       0       0       0       0       0   
chr_22      0       0       0       0       0       0       0       0       0   
chr_y       0       0       0       0       0       0       0       0       0   

        chr_09  ...  chr_14  chr_15  chr_16  chr_17  chr_18  chr_19  chr_20  \
chr_x        5  ...       0       0       0       0       0       0       0   
chr_01       0  ...       0       0       0       0       0       0       0   
chr_02       0  ...       0       0       0       0       0       0       0   
chr_03       0  ...       0       0       0       0       0       0       0   
chr_04       0  ...       0       0       0       0       0       0       0   
chr_05       0  ...       0       0       0       0       0       0       0   
chr_06       0  ...       0       0       0       0       0       0       0   
chr_07       4  ...       0       0       0       0       0       0       0   
chr_08       2  ...       0       0       0       0       0       0       0   
chr_09      44  ...       0       0       1       0       0       0       0   
chr_10       0  ...       0       0       0       0       0       0       0   
chr_11       1  ...       0       0       0       0       0       0       0   
chr_12       0  ...       0       0       0       0       0       0       0   
chr_13       0  ...       2       0       0       0       0       0       0   
chr_14       0  ...      10       3       0       0       0       0       0   
chr_15       0  ...       2      10       0       0       0       0       0   
chr_16       0  ...       0       0      12       0       1       1       0   
chr_17       0  ...       0       0       0      13       0       0       1   
chr_18       0  ...       0       0       0       0      33       0       0   
chr_19       0  ...       0       0       0       0       0      13       0   
chr_20       0  ...       0       0       0       0       0       0      14   
chr_21       0  ...       0       0       0       0       0       0       0   
chr_22       0  ...       0       0       0       0       0       1       0   
chr_y        0  ...       0       1       0       0       1       0       0   

        chr_21  chr_22  chr_y  
chr_x        0       0      0  
chr_01       0       0      0  
chr_02       0       0      0  
chr_03       0       0      0  
chr_04       0       0      0  
chr_05       0       0      0  
chr_06       0       0      0  
chr_07       0       0      0  
chr_08       0       0      0  
chr_09       0       0      0  
chr_10       0       0      0  
chr_11       0       0      0  
chr_12       0       0      0  
chr_13       0       0      0  
chr_14       0       0      0  
chr_15       0       0      1  
chr_16       0       0      0  
chr_17       0       0      0  
chr_18       0       0      2  
chr_19       0       1      0  
chr_20       0       0      0  
chr_21      12       0      1  
chr_22       2      10      1  
chr_y        1       2     48  

[24 rows x 24 columns].

