Chromosome/Abnormality: chr_01
Split Method No. 0
Train: [ 0  1  3  4  5  6  7  8  9 11 12 13 14 15 16 17 18 20 21 22 23 24 25 28
 29 30 31 32 35 36 37 38 39 41 42 43 45 46 48 49 50 51 52 56 57 58 59 61
 62 63 64 65 66 67 68 70 71 72]
Test: [ 2 10 19 26 27 33 34 40 44 47 53 54 55 60 69]

Split Method No. 1
Train: [ 0  1  2  3  4  5  6  7  8  9 10 11 12 13 14 16 17 18 19 20 22 23 24 25
 26 27 28 29 30 32 33 34 37 40 41 42 44 45 46 47 48 49 50 51 53 54 55 57
 60 61 62 63 64 65 66 69 70 72]
Test: [15 21 31 35 36 38 39 43 52 56 58 59 67 68 71]

Split Method No. 2
Train: [ 1  2  4  5  6  9 10 11 12 13 14 15 16 18 19 20 21 22 23 25 26 27 28 29
 30 31 32 33 34 35 36 37 38 39 40 41 42 43 44 47 50 51 52 53 54 55 56 58
 59 60 62 63 64 67 68 69 71 72]
Test: [ 0  3  7  8 17 24 45 46 48 49 57 61 65 66 70]

Split Method No. 3
Train: [ 0  1  2  3  5  6  7  8  9 10 12 15 16 17 18 19 20 21 24 25 26 27 31 33
 34 35 36 37 38 39 40 43 44 45 46 47 48 49 50 52 53 54 55 56 57 58 59 60
 61 62 64 65 66 67 68 69 70 71 72]
Test: [ 4 11 13 14 22 23 28 29 30 32 41 42 51 63]

Split Method No. 4
Train: [ 0  2  3  4  7  8 10 11 13 14 15 17 19 21 22 23 24 26 27 28 29 30 31 32
 33 34 35 36 38 39 40 41 42 43 44 45 46 47 48 49 51 52 53 54 55 56 57 58
 59 60 61 63 65 66 67 68 69 70 71]
Test: [ 1  5  6  9 12 16 18 20 25 37 50 62 64 72]


Chromosome/Abnormality: chr_02
Split Method No. 0
Train: [ 0  1  3  4  5  6  7  8  9 10 11 12 13 14 15 16 17 18 19 20 21 22 23 24
 25 28 29 30 32 33 34 37 38 40 41 42 43 44 45 46 47 50 51 52 55 56 57 58
 59 61 62 63 64 67 68 69]
Test: [ 2 26 27 31 35 36 39 48 49 53 54 60 65 66]

Split Method No. 1
Train: [ 0  1  2  4  5  6  7  8  9 10 11 12 13 14 15 16 17 18 19 20 22 23 24 25
 26 27 28 29 30 31 32 35 36 37 39 40 41 42 44 45 46 48 49 50 53 54 56 60
 61 63 64 65 66 67 68 69]
Test: [ 3 21 33 34 38 43 47 51 52 55 57 58 59 62]

Split Method No. 2
Train: [ 1  2  3  4  5  6  7  9 11 12 14 16 18 20 21 23 25 26 27 28 29 30 31 32
 33 34 35 36 37 38 39 41 42 43 45 46 47 48 49 50 51 52 53 54 55 56 57 58
 59 60 62 64 65 66 68 69]
Test: [ 0  8 10 13 15 17 19 22 24 40 44 61 63 67]

Split Method No. 3
Train: [ 0  1  2  3  5  6  7  8  9 10 12 13 15 16 17 19 20 21 22 24 25 26 27 31
 33 34 35 36 37 38 39 40 43 44 45 47 48 49 50 51 52 53 54 55 57 58 59 60
 61 62 63 64 65 66 67 68]
Test: [ 4 11 14 18 23 28 29 30 32 41 42 46 56 69]

Split Method No. 4
Train: [ 0  2  3  4  8 10 11 13 14 15 17 18 19 21 22 23 24 26 27 28 29 30 31 32
 33 34 35 36 38 39 40 41 42 43 44 46 47 48 49 51 52 53 54 55 56 57 58 59
 60 61 62 63 65 66 67 69]
Test: [ 1  5  6  7  9 12 16 20 25 37 45 50 64 68]


Chromosome/Abnormality: chr_03
Split Method No. 0
Train: [ 0  1  3  4  5  6  7  8  9 10 11 12 13 14 15 16 17 18 19 20 21 22 23 24
 25 28 29 30 32 33 34 37 38 40 41 42 43 44 45 46 47 50 51 52 55 56 57 58
 59 61 62 63 64 67 68 69]
Test: [ 2 26 27 31 35 36 39 48 49 53 54 60 65 66]

Split Method No. 1
Train: [ 0  1  2  4  5  6  7  8  9 10 11 12 13 14 15 16 17 18 19 20 22 23 24 25
 26 27 28 29 30 31 32 35 36 37 39 40 41 42 44 45 46 48 49 50 53 54 56 60
 61 63 64 65 66 67 68 69]
Test: [ 3 21 33 34 38 43 47 51 52 55 57 58 59 62]

Split Method No. 2
Train: [ 1  2  3  4  5  6  7  9 11 12 14 16 18 20 21 23 25 26 27 28 29 30 31 32
 33 34 35 36 37 38 39 41 42 43 45 46 47 48 49 50 51 52 53 54 55 56 57 58
 59 60 62 64 65 66 68 69]
Test: [ 0  8 10 13 15 17 19 22 24 40 44 61 63 67]

Split Method No. 3
Train: [ 0  1  2  3  5  6  7  8  9 10 12 13 15 16 17 19 20 21 22 24 25 26 27 31
 33 34 35 36 37 38 39 40 43 44 45 47 48 49 50 51 52 53 54 55 57 58 59 60
 61 62 63 64 65 66 67 68]
Test: [ 4 11 14 18 23 28 29 30 32 41 42 46 56 69]

Split Method No. 4
Train: [ 0  2  3  4  8 10 11 13 14 15 17 18 19 21 22 23 24 26 27 28 29 30 31 32
 33 34 35 36 38 39 40 41 42 43 44 46 47 48 49 51 52 53 54 55 56 57 58 59
 60 61 62 63 65 66 67 69]
Test: [ 1  5  6  7  9 12 16 20 25 37 45 50 64 68]


Chromosome/Abnormality: chr_04
Split Method No. 0
Train: [ 0  1  3  4  5  6  7  8  9 10 11 12 13 14 15 16 17 18 19 20 21 22 23 24
 25 28 29 30 32 33 34 37 38 40 41 42 43 44 45 46 47 50 51 52 55 56 57 58
 59 61 62 63 64 67 68 69]
Test: [ 2 26 27 31 35 36 39 48 49 53 54 60 65 66]

Split Method No. 1
Train: [ 0  1  2  4  5  6  7  8  9 10 11 12 13 14 15 16 17 18 19 20 22 23 24 25
 26 27 28 29 30 31 32 35 36 37 39 40 41 42 44 45 46 48 49 50 53 54 56 60
 61 63 64 65 66 67 68 69]
Test: [ 3 21 33 34 38 43 47 51 52 55 57 58 59 62]

Split Method No. 2
Train: [ 1  2  3  4  5  6  7  9 11 12 14 16 18 20 21 23 25 26 27 28 29 30 31 32
 33 34 35 36 37 38 39 41 42 43 45 46 47 48 49 50 51 52 53 54 55 56 57 58
 59 60 62 64 65 66 68 69]
Test: [ 0  8 10 13 15 17 19 22 24 40 44 61 63 67]

Split Method No. 3
Train: [ 0  1  2  3  5  6  7  8  9 10 12 13 15 16 17 19 20 21 22 24 25 26 27 31
 33 34 35 36 37 38 39 40 43 44 45 47 48 49 50 51 52 53 54 55 57 58 59 60
 61 62 63 64 65 66 67 68]
Test: [ 4 11 14 18 23 28 29 30 32 41 42 46 56 69]

Split Method No. 4
Train: [ 0  2  3  4  8 10 11 13 14 15 17 18 19 21 22 23 24 26 27 28 29 30 31 32
 33 34 35 36 38 39 40 41 42 43 44 46 47 48 49 51 52 53 54 55 56 57 58 59
 60 61 62 63 65 66 67 69]
Test: [ 1  5  6  7  9 12 16 20 25 37 45 50 64 68]


Chromosome/Abnormality: chr_05
Split Method No. 0
Train: [  0   1   2   3   5   6   7   8   9  10  12  13  14  15  17  19  20  21
  22  23  24  25  26  30  32  33  36  37  39  41  42  43  45  46  48  49
  50  51  52  53  54  55  56  57  58  60  61  62  63  64  65  66  68  69
  70  71  72  73  74  75  76  77  79  80  81  82  83  85  86  87  88  90
  91  92  95  96  99 100 101 102 103 104 105 106 107 109 110 111 113 114
 115 116 118 119 120 121 122 123 124 125 126 127 128 129 130 131 133 134
 135 136 137 139 140 141 142 143 144 146 148 149 150 151 152 153 154 155
 156 157 158 160 161 162 164 167 168 170 171 173 174 176 177 178 179 180
 182 183 184 185 186 187 189 191 192 193 194 195 196 197 198 200]
Test: [  4  11  16  18  27  28  29  31  34  35  38  40  44  47  59  67  78  84
  89  93  94  97  98 108 112 117 132 138 145 147 159 163 165 166 169 172
 175 181 188 190 199]

Split Method No. 1
Train: [  0   1   2   3   4   6   7   8   9  10  11  13  15  16  18  20  21  22
  23  24  25  26  27  28  29  30  31  32  34  35  36  37  38  40  41  43
  44  45  46  47  49  50  52  55  57  59  60  61  62  63  64  65  67  68
  70  71  72  74  75  76  77  78  79  80  81  82  83  84  85  86  87  88
  89  91  92  93  94  96  97  98 100 101 102 104 105 108 109 111 112 113
 114 115 117 118 121 123 124 125 126 128 129 130 131 132 133 134 135 136
 137 138 139 140 141 142 143 144 145 146 147 148 149 151 152 153 154 155
 156 157 159 160 161 162 163 164 165 166 169 170 171 172 174 175 176 178
 179 181 182 183 186 187 188 189 190 191 192 193 194 196 197 198 199]
Test: [  5  12  14  17  19  33  39  42  48  51  53  54  56  58  66  69  73  90
  95  99 103 106 107 110 116 119 120 122 127 150 158 167 168 173 177 180
 184 185 195 200]

Split Method No. 2
Train: [  1   3   4   5   7   8   9  10  11  12  14  15  16  17  18  19  20  22
  23  24  25  26  27  28  29  30  31  32  33  34  35  37  38  39  40  41
  42  43  44  46  47  48  49  50  51  52  53  54  56  57  58  59  60  61
  62  63  64  66  67  68  69  71  72  73  74  76  78  79  80  83  84  86
  87  89  90  92  93  94  95  96  97  98  99 100 101 103 104 106 107 108
 109 110 111 112 115 116 117 119 120 121 122 125 126 127 128 129 131 132
 133 134 135 136 137 138 139 140 141 142 144 145 146 147 148 149 150 152
 156 157 158 159 161 163 164 165 166 167 168 169 170 171 172 173 175 176
 177 178 180 181 182 184 185 188 189 190 191 192 193 195 197 199 200]
Test: [  0   2   6  13  21  36  45  55  65  70  75  77  81  82  85  88  91 102
 105 113 114 118 123 124 130 143 151 153 154 155 160 162 174 179 183 186
 187 194 196 198]

Split Method No. 3
Train: [  0   1   2   4   5   6   7   8  11  12  13  14  16  17  18  19  20  21
  22  25  27  28  29  30  31  33  34  35  36  37  38  39  40  42  44  45
  47  48  50  51  53  54  55  56  57  58  59  60  61  63  65  66  67  68
  69  70  71  72  73  75  77  78  79  81  82  84  85  86  88  89  90  91
  93  94  95  96  97  98  99 101 102 103 105 106 107 108 110 112 113 114
 115 116 117 118 119 120 121 122 123 124 127 128 129 130 132 133 134 137
 138 139 140 141 142 143 144 145 146 147 150 151 153 154 155 156 157 158
 159 160 162 163 165 166 167 168 169 172 173 174 175 176 177 178 179 180
 181 183 184 185 186 187 188 190 191 192 194 195 196 197 198 199 200]
Test: [  3   9  10  15  23  24  26  32  41  43  46  49  52  62  64  74  76  80
  83  87  92 100 104 109 111 125 126 131 135 136 148 149 152 161 164 170
 171 182 189 193]

Split Method No. 4
Train: [  0   2   3   4   5   6   9  10  11  12  13  14  15  16  17  18  19  21
  23  24  26  27  28  29  31  32  33  34  35  36  38  39  40  41  42  43
  44  45  46  47  48  49  51  52  53  54  55  56  58  59  62  64  65  66
  67  69  70  73  74  75  76  77  78  80  81  82  83  84  85  87  88  89
  90  91  92  93  94  95  97  98  99 100 102 103 104 105 106 107 108 109
 110 111 112 113 114 116 117 118 119 120 122 123 124 125 126 127 130 131
 132 135 136 138 143 145 147 148 149 150 151 152 153 154 155 158 159 160
 161 162 163 164 165 166 167 168 169 170 171 172 173 174 175 177 179 180
 181 182 183 184 185 186 187 188 189 190 193 194 195 196 198 199 200]
Test: [  1   7   8  20  22  25  30  37  50  57  60  61  63  68  71  72  79  86
  96 101 115 121 128 129 133 134 137 139 140 141 142 144 146 156 157 176
 178 191 192 197]


Chromosome/Abnormality: chr_06
Split Method No. 0
Train: [ 0  1  3  4  5  6  7  8  9 10 11 12 13 14 15 16 17 18 19 20 21 22 23 24
 25 28 29 30 32 33 34 37 38 40 41 42 43 44 45 46 47 50 51 52 55 56 57 58
 59 61 62 63 64 67 68 69]
Test: [ 2 26 27 31 35 36 39 48 49 53 54 60 65 66]

Split Method No. 1
Train: [ 0  1  2  4  5  6  7  8  9 10 11 12 13 14 15 16 17 18 19 20 22 23 24 25
 26 27 28 29 30 31 32 35 36 37 39 40 41 42 44 45 46 48 49 50 53 54 56 60
 61 63 64 65 66 67 68 69]
Test: [ 3 21 33 34 38 43 47 51 52 55 57 58 59 62]

Split Method No. 2
Train: [ 1  2  3  4  5  6  7  9 11 12 14 16 18 20 21 23 25 26 27 28 29 30 31 32
 33 34 35 36 37 38 39 41 42 43 45 46 47 48 49 50 51 52 53 54 55 56 57 58
 59 60 62 64 65 66 68 69]
Test: [ 0  8 10 13 15 17 19 22 24 40 44 61 63 67]

Split Method No. 3
Train: [ 0  1  2  3  5  6  7  8  9 10 12 13 15 16 17 19 20 21 22 24 25 26 27 31
 33 34 35 36 37 38 39 40 43 44 45 47 48 49 50 51 52 53 54 55 57 58 59 60
 61 62 63 64 65 66 67 68]
Test: [ 4 11 14 18 23 28 29 30 32 41 42 46 56 69]

Split Method No. 4
Train: [ 0  2  3  4  8 10 11 13 14 15 17 18 19 21 22 23 24 26 27 28 29 30 31 32
 33 34 35 36 38 39 40 41 42 43 44 46 47 48 49 51 52 53 54 55 56 57 58 59
 60 61 62 63 65 66 67 69]
Test: [ 1  5  6  7  9 12 16 20 25 37 45 50 64 68]


Chromosome/Abnormality: chr_07
Split Method No. 0
Train: [ 0  1  3  4  5  6  7  8  9 10 11 12 13 14 15 16 17 18 19 20 21 22 23 24
 25 28 29 30 32 33 34 37 38 40 41 42 43 44 45 46 47 50 51 52 55 56 57 58
 59 61 62 63 64 67 68 69]
Test: [ 2 26 27 31 35 36 39 48 49 53 54 60 65 66]

Split Method No. 1
Train: [ 0  1  2  4  5  6  7  8  9 10 11 12 13 14 15 16 17 18 19 20 22 23 24 25
 26 27 28 29 30 31 32 35 36 37 39 40 41 42 44 45 46 48 49 50 53 54 56 60
 61 63 64 65 66 67 68 69]
Test: [ 3 21 33 34 38 43 47 51 52 55 57 58 59 62]

Split Method No. 2
Train: [ 1  2  3  4  5  6  7  9 11 12 14 16 18 20 21 23 25 26 27 28 29 30 31 32
 33 34 35 36 37 38 39 41 42 43 45 46 47 48 49 50 51 52 53 54 55 56 57 58
 59 60 62 64 65 66 68 69]
Test: [ 0  8 10 13 15 17 19 22 24 40 44 61 63 67]

Split Method No. 3
Train: [ 0  1  2  3  5  6  7  8  9 10 12 13 15 16 17 19 20 21 22 24 25 26 27 31
 33 34 35 36 37 38 39 40 43 44 45 47 48 49 50 51 52 53 54 55 57 58 59 60
 61 62 63 64 65 66 67 68]
Test: [ 4 11 14 18 23 28 29 30 32 41 42 46 56 69]

Split Method No. 4
Train: [ 0  2  3  4  8 10 11 13 14 15 17 18 19 21 22 23 24 26 27 28 29 30 31 32
 33 34 35 36 38 39 40 41 42 43 44 46 47 48 49 51 52 53 54 55 56 57 58 59
 60 61 62 63 65 66 67 69]
Test: [ 1  5  6  7  9 12 16 20 25 37 45 50 64 68]


Chromosome/Abnormality: chr_08
Split Method No. 0
Train: [ 0  1  3  4  5  6  7  8  9 10 11 12 13 14 15 16 17 18 19 20 21 22 23 24
 25 28 29 30 32 33 34 37 38 40 41 42 44 45 46 47 50 51 52 55 56 57 58 59
 60 62 63 64 66 68 69 70]
Test: [ 2 26 27 31 35 36 39 43 48 49 53 54 61 65 67]

Split Method No. 1
Train: [ 0  1  2  4  5  6  7  8  9 11 12 13 14 15 16 17 18 19 20 22 23 24 25 26
 27 28 29 30 31 32 35 36 37 39 40 41 42 43 44 45 46 48 49 50 53 54 56 60
 61 62 64 65 66 67 68 69 70]
Test: [ 3 10 21 33 34 38 47 51 52 55 57 58 59 63]

Split Method No. 2
Train: [ 1  2  3  4  5  6  7  9 10 11 12 14 16 18 20 21 23 25 26 27 28 29 30 31
 33 34 35 36 37 38 39 41 42 43 45 46 47 48 49 50 51 52 53 54 55 56 57 58
 59 60 61 63 64 65 67 69 70]
Test: [ 0  8 13 15 17 19 22 24 32 40 44 62 66 68]

Split Method No. 3
Train: [ 0  1  2  3  5  6  7  8  9 10 12 13 15 16 17 19 21 22 24 25 26 27 31 32
 33 34 35 36 37 38 39 40 43 44 45 47 48 49 50 51 52 53 54 55 57 58 59 60
 61 62 63 64 65 66 67 68 69]
Test: [ 4 11 14 18 20 23 28 29 30 41 42 46 56 70]

Split Method No. 4
Train: [ 0  2  3  4  8 10 11 13 14 15 17 18 19 20 21 22 23 24 26 27 28 29 30 31
 32 33 34 35 36 38 39 40 41 42 43 44 46 47 48 49 51 52 53 54 55 56 57 58
 59 61 62 63 65 66 67 68 70]
Test: [ 1  5  6  7  9 12 16 25 37 45 50 60 64 69]


Chromosome/Abnormality: chr_09
Split Method No. 0
Train: [  0   1   2   3   5   6   7   8   9  10  11  13  14  15  16  17  20  21
  22  23  24  25  26  28  29  30  32  33  35  36  37  40  41  42  43  45
  46  47  48  49  50  52  53  54  55  56  57  59  60  61  63  64  65  66
  67  68  69  70  71  72  74  75  76  77  79  80  81  82  83  84  86  87
  88  89  91  92  93  94  96  97  98  99 100 101 103 104 105 108 109 110
 111 112 113 115 119 120 121 122 124 125 126 128 129 131 133 134 135 136
 137 138 139 141 142 143 144 145 146 147 148 149 150 151 152 153 154 155
 156 157 158 160 161 162 164 165 166 168 169 170 172 174 175 176 177 178
 179 180 181 182 183 185 187 189 191 192 193 196 197 198 199 200 201 202
 203 204 205 206 207 208 209 210 211 212 213 214 215 216 217 218 220 221
 222 224 225 226 227 228 229 231 234 235 236 237 238 239 240 241 242 243
 244 246 247 248 250 253 254 255 256 258]
Test: [  4  12  18  19  27  31  34  38  39  44  51  58  62  73  78  85  90  95
 102 106 107 114 116 117 118 123 127 130 132 140 159 163 167 171 173 184
 186 188 190 194 195 219 223 230 232 233 245 249 251 252 257 259]

Split Method No. 1
Train: [  1   2   3   4   5   6   7   8   9  10  12  13  15  17  18  19  20  22
  23  24  25  26  27  30  31  32  34  36  37  38  39  41  42  43  44  45
  46  48  49  50  51  52  54  57  58  60  61  62  63  64  65  66  68  70
  71  72  73  74  75  76  77  78  79  80  81  82  83  85  86  87  90  92
  94  95  96  97  98 100 101 102 103 104 105 106 107 108 109 111 113 114
 115 116 117 118 119 121 122 123 124 125 126 127 128 129 130 131 132 133
 134 135 136 137 139 140 141 142 143 144 146 149 150 151 152 153 155 156
 157 159 160 161 162 163 164 165 166 167 168 169 171 173 175 177 178 180
 184 186 187 188 189 190 191 192 193 194 195 196 197 198 199 200 201 202
 203 204 205 206 208 209 211 212 213 214 215 216 217 218 219 220 221 222
 223 224 225 226 227 228 230 231 232 233 234 235 237 239 242 244 245 247
 249 250 251 252 254 255 256 257 258 259]
Test: [  0  11  14  16  21  28  29  33  35  40  47  53  55  56  59  67  69  84
  88  89  91  93  99 110 112 120 138 145 147 148 154 158 170 172 174 176
 179 181 182 183 185 207 210 229 236 238 240 241 243 246 248 253]

Split Method No. 2
Train: [  0   1   3   4   7   8   9  10  11  12  14  15  16  18  19  20  21  22
  23  24  25  26  27  28  29  30  31  32  33  34  35  37  38  39  40  41
  43  44  46  47  49  50  51  52  53  55  56  57  58  59  60  61  62  63
  64  65  67  68  69  71  72  73  74  76  77  78  79  80  83  84  85  86
  87  88  89  90  91  92  93  95  96  99 100 101 102 104 106 107 109 110
 111 112 113 114 115 116 117 118 120 121 123 125 126 127 128 129 130 131
 132 133 134 135 136 137 138 139 140 141 142 143 144 145 146 147 148 149
 151 153 154 155 156 157 158 159 160 162 163 165 166 167 170 171 172 173
 174 175 176 178 179 180 181 182 183 184 185 186 188 189 190 192 194 195
 196 197 198 200 202 203 204 207 209 210 212 213 215 219 220 221 222 223
 226 229 230 231 232 233 234 235 236 237 238 240 241 243 244 245 246 247
 248 249 251 252 253 254 255 256 257 259]
Test: [  2   5   6  13  17  36  42  45  48  54  66  70  75  81  82  94  97  98
 103 105 108 119 122 124 150 152 161 164 168 169 177 187 191 193 199 201
 205 206 208 211 214 216 217 218 224 225 227 228 239 242 250 258]

Split Method No. 3
Train: [  0   1   2   4   5   6   7   8  11  12  13  14  16  17  18  19  20  21
  22  25  27  28  29  30  31  33  34  35  36  37  38  39  40  42  44  45
  47  48  50  51  53  54  55  56  57  58  59  60  61  62  63  66  67  68
  69  70  71  72  73  75  78  79  81  82  84  85  86  88  89  90  91  93
  94  95  96  97  98  99 101 102 103 105 106 107 108 110 112 114 115 116
 117 118 119 120 121 122 123 124 127 128 129 130 132 133 134 137 138 139
 140 141 142 144 145 146 147 148 150 152 154 156 157 158 159 161 163 164
 167 168 169 170 171 172 173 174 175 176 177 178 179 181 182 183 184 185
 186 187 188 190 191 192 193 194 195 199 200 201 203 204 205 206 207 208
 209 210 211 212 214 215 216 217 218 219 222 223 224 225 226 227 228 229
 230 231 232 233 234 235 236 237 238 239 240 241 242 243 245 246 247 248
 249 250 251 252 253 255 256 257 258 259]
Test: [  3   9  10  15  23  24  26  32  41  43  46  49  52  64  65  74  76  77
  80  83  87  92 100 104 109 111 113 125 126 131 135 136 143 149 151 153
 155 160 162 165 166 180 189 196 197 198 202 213 220 221 244 254]

Split Method No. 4
Train: [  0   2   3   4   5   6   9  10  11  12  13  14  15  16  17  18  19  21
  23  24  26  27  28  29  31  32  33  34  35  36  38  39  40  41  42  43
  44  45  46  47  48  49  51  52  53  54  55  56  58  59  62  64  65  66
  67  69  70  73  74  75  76  77  78  80  81  82  83  84  85  87  88  89
  90  91  92  93  94  95  97  98  99 100 102 103 104 105 106 107 108 109
 110 111 112 113 114 116 117 118 119 120 122 123 124 125 126 127 130 131
 132 135 136 138 140 143 145 147 148 149 150 151 152 153 154 155 158 159
 160 161 162 163 164 165 166 167 168 169 170 171 172 173 174 176 177 179
 180 181 182 183 184 185 186 187 188 189 190 191 193 194 195 196 197 198
 199 201 202 205 206 207 208 210 211 213 214 216 217 218 219 220 221 223
 224 225 227 228 229 230 232 233 236 238 239 240 241 242 243 244 245 246
 248 249 250 251 252 253 254 257 258 259]
Test: [  1   7   8  20  22  25  30  37  50  57  60  61  63  68  71  72  79  86
  96 101 115 121 128 129 133 134 137 139 141 142 144 146 156 157 175 178
 192 200 203 204 209 212 215 222 226 231 234 235 237 247 255 256]


Chromosome/Abnormality: chr_10
Split Method No. 0
Train: [ 0  1  3  4  5  6  7  8  9 10 11 12 13 14 15 16 17 18 19 20 21 22 23 24
 25 28 29 30 32 33 34 37 38 40 41 42 43 44 45 46 47 50 51 52 55 56 57 58
 59 61 62 63 64 67 68 69]
Test: [ 2 26 27 31 35 36 39 48 49 53 54 60 65 66]

Split Method No. 1
Train: [ 0  1  2  4  5  6  7  8  9 10 11 12 13 14 15 16 17 18 19 20 22 23 24 25
 26 27 28 29 30 31 32 35 36 37 39 40 41 42 44 45 46 48 49 50 53 54 56 60
 61 63 64 65 66 67 68 69]
Test: [ 3 21 33 34 38 43 47 51 52 55 57 58 59 62]

Split Method No. 2
Train: [ 1  2  3  4  5  6  7  9 11 12 14 16 18 20 21 23 25 26 27 28 29 30 31 32
 33 34 35 36 37 38 39 41 42 43 45 46 47 48 49 50 51 52 53 54 55 56 57 58
 59 60 62 64 65 66 68 69]
Test: [ 0  8 10 13 15 17 19 22 24 40 44 61 63 67]

Split Method No. 3
Train: [ 0  1  2  3  5  6  7  8  9 10 12 13 15 16 17 19 20 21 22 24 25 26 27 31
 33 34 35 36 37 38 39 40 43 44 45 47 48 49 50 51 52 53 54 55 57 58 59 60
 61 62 63 64 65 66 67 68]
Test: [ 4 11 14 18 23 28 29 30 32 41 42 46 56 69]

Split Method No. 4
Train: [ 0  2  3  4  8 10 11 13 14 15 17 18 19 21 22 23 24 26 27 28 29 30 31 32
 33 34 35 36 38 39 40 41 42 43 44 46 47 48 49 51 52 53 54 55 56 57 58 59
 60 61 62 63 65 66 67 69]
Test: [ 1  5  6  7  9 12 16 20 25 37 45 50 64 68]


Chromosome/Abnormality: chr_11
Split Method No. 0
Train: [ 0  1  3  4  5  6  7  8  9 10 11 12 13 14 15 16 17 18 19 20 21 22 23 24
 25 28 29 30 32 33 34 37 38 40 41 42 43 44 45 46 47 50 51 52 55 56 57 58
 59 61 62 63 64 67 68 69]
Test: [ 2 26 27 31 35 36 39 48 49 53 54 60 65 66]

Split Method No. 1
Train: [ 0  1  2  4  5  6  7  8  9 10 11 12 13 14 15 16 17 18 19 20 22 23 24 25
 26 27 28 29 30 31 32 35 36 37 39 40 41 42 44 45 46 48 49 50 53 54 56 60
 61 63 64 65 66 67 68 69]
Test: [ 3 21 33 34 38 43 47 51 52 55 57 58 59 62]

Split Method No. 2
Train: [ 1  2  3  4  5  6  7  9 11 12 14 16 18 20 21 23 25 26 27 28 29 30 31 32
 33 34 35 36 37 38 39 41 42 43 45 46 47 48 49 50 51 52 53 54 55 56 57 58
 59 60 62 64 65 66 68 69]
Test: [ 0  8 10 13 15 17 19 22 24 40 44 61 63 67]

Split Method No. 3
Train: [ 0  1  2  3  5  6  7  8  9 10 12 13 15 16 17 19 20 21 22 24 25 26 27 31
 33 34 35 36 37 38 39 40 43 44 45 47 48 49 50 51 52 53 54 55 57 58 59 60
 61 62 63 64 65 66 67 68]
Test: [ 4 11 14 18 23 28 29 30 32 41 42 46 56 69]

Split Method No. 4
Train: [ 0  2  3  4  8 10 11 13 14 15 17 18 19 21 22 23 24 26 27 28 29 30 31 32
 33 34 35 36 38 39 40 41 42 43 44 46 47 48 49 51 52 53 54 55 56 57 58 59
 60 61 62 63 65 66 67 69]
Test: [ 1  5  6  7  9 12 16 20 25 37 45 50 64 68]


Chromosome/Abnormality: chr_12
Split Method No. 0
Train: [ 0  1  3  4  5  6  7  8  9 10 11 12 13 14 15 16 17 18 19 20 21 22 23 24
 25 27 28 29 30 32 33 37 39 40 41 42 43 44 45 46 50 51 52 54 55 57 58 59
 60 61 62 64 66 67 68]
Test: [ 2 26 31 34 35 36 38 47 48 49 53 56 63 65]

Split Method No. 1
Train: [ 0  1  2  4  5  6  7  8  9 11 12 13 14 15 16 17 18 19 20 22 23 24 25 26
 28 29 30 31 32 34 35 36 37 38 39 40 41 42 45 47 48 49 50 53 55 56 59 60
 62 63 64 65 66 67 68]
Test: [ 3 10 21 27 33 43 44 46 51 52 54 57 58 61]

Split Method No. 2
Train: [ 1  2  3  4  5  6  7  9 10 11 12 14 16 18 20 21 23 25 26 27 28 29 30 31
 33 34 35 36 37 38 41 42 43 44 45 46 47 48 49 50 51 52 53 54 55 56 57 58
 59 61 63 64 65 67 68]
Test: [ 0  8 13 15 17 19 22 24 32 39 40 60 62 66]

Split Method No. 3
Train: [ 0  1  2  3  5  6  7  8  9 10 12 13 15 16 17 19 21 22 24 25 26 27 31 32
 33 34 35 36 37 38 39 40 43 44 45 46 47 48 49 50 51 52 53 54 56 57 58 60
 61 62 63 64 65 66 67]
Test: [ 4 11 14 18 20 23 28 29 30 41 42 55 59 68]

Split Method No. 4
Train: [ 0  2  3  4  8 10 11 13 14 15 17 18 19 20 21 22 23 24 26 27 28 29 30 31
 32 33 34 35 36 38 39 40 41 42 43 44 46 47 48 49 51 52 53 54 55 56 57 58
 59 60 61 62 63 65 66 68]
Test: [ 1  5  6  7  9 12 16 25 37 45 50 64 67]


Chromosome/Abnormality: chr_13
Split Method No. 0
Train: [ 0  1  3  4  5  6  7  8  9 10 11 12 13 14 15 16 17 18 19 20 21 22 23 24
 25 28 29 30 32 33 34 37 38 40 41 42 43 44 45 46 47 50 51 52 55 56 57 58
 59 61 62 63 64 67 68 69]
Test: [ 2 26 27 31 35 36 39 48 49 53 54 60 65 66]

Split Method No. 1
Train: [ 0  1  2  4  5  6  7  8  9 10 11 12 13 14 15 16 17 18 19 20 22 23 24 25
 26 27 28 29 30 31 32 35 36 37 39 40 41 42 44 45 46 48 49 50 53 54 56 60
 61 63 64 65 66 67 68 69]
Test: [ 3 21 33 34 38 43 47 51 52 55 57 58 59 62]

Split Method No. 2
Train: [ 1  2  3  4  5  6  7  9 11 12 14 16 18 20 21 23 25 26 27 28 29 30 31 32
 33 34 35 36 37 38 39 41 42 43 45 46 47 48 49 50 51 52 53 54 55 56 57 58
 59 60 62 64 65 66 68 69]
Test: [ 0  8 10 13 15 17 19 22 24 40 44 61 63 67]

Split Method No. 3
Train: [ 0  1  2  3  5  6  7  8  9 10 12 13 15 16 17 19 20 21 22 24 25 26 27 31
 33 34 35 36 37 38 39 40 43 44 45 47 48 49 50 51 52 53 54 55 57 58 59 60
 61 62 63 64 65 66 67 68]
Test: [ 4 11 14 18 23 28 29 30 32 41 42 46 56 69]

Split Method No. 4
Train: [ 0  2  3  4  8 10 11 13 14 15 17 18 19 21 22 23 24 26 27 28 29 30 31 32
 33 34 35 36 38 39 40 41 42 43 44 46 47 48 49 51 52 53 54 55 56 57 58 59
 60 61 62 63 65 66 67 69]
Test: [ 1  5  6  7  9 12 16 20 25 37 45 50 64 68]


Chromosome/Abnormality: chr_14
Split Method No. 0
Train: [ 0  1  3  4  5  6  7  8  9 10 11 12 13 14 15 16 17 18 19 20 21 22 23 24
 25 28 29 30 32 33 34 37 38 40 41 42 43 44 45 46 47 50 51 52 55 56 57 58
 59 61 62 63 64 67 68 69]
Test: [ 2 26 27 31 35 36 39 48 49 53 54 60 65 66]

Split Method No. 1
Train: [ 0  1  2  4  5  6  7  8  9 10 11 12 13 14 15 16 17 18 19 20 22 23 24 25
 26 27 28 29 30 31 32 35 36 37 39 40 41 42 44 45 46 48 49 50 53 54 56 60
 61 63 64 65 66 67 68 69]
Test: [ 3 21 33 34 38 43 47 51 52 55 57 58 59 62]

Split Method No. 2
Train: [ 1  2  3  4  5  6  7  9 11 12 14 16 18 20 21 23 25 26 27 28 29 30 31 32
 33 34 35 36 37 38 39 41 42 43 45 46 47 48 49 50 51 52 53 54 55 56 57 58
 59 60 62 64 65 66 68 69]
Test: [ 0  8 10 13 15 17 19 22 24 40 44 61 63 67]

Split Method No. 3
Train: [ 0  1  2  3  5  6  7  8  9 10 12 13 15 16 17 19 20 21 22 24 25 26 27 31
 33 34 35 36 37 38 39 40 43 44 45 47 48 49 50 51 52 53 54 55 57 58 59 60
 61 62 63 64 65 66 67 68]
Test: [ 4 11 14 18 23 28 29 30 32 41 42 46 56 69]

Split Method No. 4
Train: [ 0  2  3  4  8 10 11 13 14 15 17 18 19 21 22 23 24 26 27 28 29 30 31 32
 33 34 35 36 38 39 40 41 42 43 44 46 47 48 49 51 52 53 54 55 56 57 58 59
 60 61 62 63 65 66 67 69]
Test: [ 1  5  6  7  9 12 16 20 25 37 45 50 64 68]


Chromosome/Abnormality: chr_15
Split Method No. 0
Train: [ 0  1  3  4  5  6  7  8  9 10 11 12 13 14 15 16 17 18 19 20 21 22 23 24
 25 28 29 30 32 33 34 37 38 40 41 42 43 44 45 46 47 50 51 52 55 56 57 58
 59 61 62 63 64 67 68 69]
Test: [ 2 26 27 31 35 36 39 48 49 53 54 60 65 66]

Split Method No. 1
Train: [ 0  1  2  4  5  6  7  8  9 10 11 12 13 14 15 16 17 18 19 20 22 23 24 25
 26 27 28 29 30 31 32 35 36 37 39 40 41 42 44 45 46 48 49 50 53 54 56 60
 61 63 64 65 66 67 68 69]
Test: [ 3 21 33 34 38 43 47 51 52 55 57 58 59 62]

Split Method No. 2
Train: [ 1  2  3  4  5  6  7  9 11 12 14 16 18 20 21 23 25 26 27 28 29 30 31 32
 33 34 35 36 37 38 39 41 42 43 45 46 47 48 49 50 51 52 53 54 55 56 57 58
 59 60 62 64 65 66 68 69]
Test: [ 0  8 10 13 15 17 19 22 24 40 44 61 63 67]

Split Method No. 3
Train: [ 0  1  2  3  5  6  7  8  9 10 12 13 15 16 17 19 20 21 22 24 25 26 27 31
 33 34 35 36 37 38 39 40 43 44 45 47 48 49 50 51 52 53 54 55 57 58 59 60
 61 62 63 64 65 66 67 68]
Test: [ 4 11 14 18 23 28 29 30 32 41 42 46 56 69]

Split Method No. 4
Train: [ 0  2  3  4  8 10 11 13 14 15 17 18 19 21 22 23 24 26 27 28 29 30 31 32
 33 34 35 36 38 39 40 41 42 43 44 46 47 48 49 51 52 53 54 55 56 57 58 59
 60 61 62 63 65 66 67 69]
Test: [ 1  5  6  7  9 12 16 20 25 37 45 50 64 68]


Chromosome/Abnormality: chr_16
Split Method No. 0
Train: [ 0  1  3  4  5  6  7  8  9 10 11 12 13 14 15 16 17 18 19 20 21 22 23 24
 25 27 28 29 30 32 33 37 39 40 41 42 43 44 45 46 50 51 52 54 55 57 58 59
 60 61 62 64 66 67 68]
Test: [ 2 26 31 34 35 36 38 47 48 49 53 56 63 65]

Split Method No. 1
Train: [ 0  1  2  4  5  6  7  8  9 11 12 13 14 15 16 17 18 19 20 22 23 24 25 26
 28 29 30 31 32 34 35 36 37 38 39 40 41 42 45 47 48 49 50 53 55 56 59 60
 62 63 64 65 66 67 68]
Test: [ 3 10 21 27 33 43 44 46 51 52 54 57 58 61]

Split Method No. 2
Train: [ 1  2  3  4  5  6  7  9 10 11 12 14 16 18 20 21 23 25 26 27 28 29 30 31
 33 34 35 36 37 38 41 42 43 44 45 46 47 48 49 50 51 52 53 54 55 56 57 58
 59 61 63 64 65 67 68]
Test: [ 0  8 13 15 17 19 22 24 32 39 40 60 62 66]

Split Method No. 3
Train: [ 0  1  2  3  5  6  7  8  9 10 12 13 15 16 17 19 21 22 24 25 26 27 31 32
 33 34 35 36 37 38 39 40 43 44 45 46 47 48 49 50 51 52 53 54 56 57 58 60
 61 62 63 64 65 66 67]
Test: [ 4 11 14 18 20 23 28 29 30 41 42 55 59 68]

Split Method No. 4
Train: [ 0  2  3  4  8 10 11 13 14 15 17 18 19 20 21 22 23 24 26 27 28 29 30 31
 32 33 34 35 36 38 39 40 41 42 43 44 46 47 48 49 51 52 53 54 55 56 57 58
 59 60 61 62 63 65 66 68]
Test: [ 1  5  6  7  9 12 16 25 37 45 50 64 67]


Chromosome/Abnormality: chr_17
Split Method No. 0
Train: [ 0  1  3  4  5  6  7  8  9 10 11 12 13 14 15 16 17 18 19 20 21 22 23 24
 25 28 29 30 32 33 34 37 38 40 41 42 43 44 45 46 47 50 51 52 55 56 57 58
 59 61 62 63 64 67 68 69]
Test: [ 2 26 27 31 35 36 39 48 49 53 54 60 65 66]

Split Method No. 1
Train: [ 0  1  2  4  5  6  7  8  9 10 11 12 13 14 15 16 17 18 19 20 22 23 24 25
 26 27 28 29 30 31 32 35 36 37 39 40 41 42 44 45 46 48 49 50 53 54 56 60
 61 63 64 65 66 67 68 69]
Test: [ 3 21 33 34 38 43 47 51 52 55 57 58 59 62]

Split Method No. 2
Train: [ 1  2  3  4  5  6  7  9 11 12 14 16 18 20 21 23 25 26 27 28 29 30 31 32
 33 34 35 36 37 38 39 41 42 43 45 46 47 48 49 50 51 52 53 54 55 56 57 58
 59 60 62 64 65 66 68 69]
Test: [ 0  8 10 13 15 17 19 22 24 40 44 61 63 67]

Split Method No. 3
Train: [ 0  1  2  3  5  6  7  8  9 10 12 13 15 16 17 19 20 21 22 24 25 26 27 31
 33 34 35 36 37 38 39 40 43 44 45 47 48 49 50 51 52 53 54 55 57 58 59 60
 61 62 63 64 65 66 67 68]
Test: [ 4 11 14 18 23 28 29 30 32 41 42 46 56 69]

Split Method No. 4
Train: [ 0  2  3  4  8 10 11 13 14 15 17 18 19 21 22 23 24 26 27 28 29 30 31 32
 33 34 35 36 38 39 40 41 42 43 44 46 47 48 49 51 52 53 54 55 56 57 58 59
 60 61 62 63 65 66 67 69]
Test: [ 1  5  6  7  9 12 16 20 25 37 45 50 64 68]


Chromosome/Abnormality: chr_18
Split Method No. 0
Train: [  0   1   2   3   6   7   8   9  10  12  13  15  17  18  20  21  22  23
  24  25  26  27  28  30  32  33  34  36  37  38  39  41  43  44  45  46
  48  49  50  52  54  55  56  57  58  59  60  61  62  63  64  65  66  67
  68  70  71  72  74  76  77  78  79  80  81  82  83  84  86  87  88  89
  91  92  93  95  96  97  98  99 100 101 103 104 107 108 109 111 112 113
 114 115 116 117 118 120 121 122 123 125 128 129 130 131 132 133 134 135
 137 138 139 140 141 142 143 144 145 146 147 148 151 152 153 156 157 158
 160 161 162 164 165 166 167 168 169 171 172 173 174 175]
Test: [  4   5  11  14  16  19  29  31  35  40  42  47  51  53  69  73  75  85
  90  94 102 105 106 110 119 124 126 127 136 149 150 154 155 159 163 170]

Split Method No. 1
Train: [  0   1   2   3   4   5   6   7   8   9  10  11  14  15  16  19  20  21
  22  23  24  25  26  27  29  30  31  32  34  35  37  38  40  41  42  43
  46  47  49  50  51  52  53  55  57  60  61  62  63  64  65  67  68  69
  70  71  72  73  74  75  76  77  79  80  82  83  84  85  86  87  90  92
  94  96  97  98 100 101 102 103 104 105 106 107 108 109 110 111 114 115
 116 117 119 120 121 123 124 126 127 128 129 130 131 132 133 134 135 136
 137 138 139 140 141 142 143 144 146 147 148 149 150 151 152 153 154 155
 156 157 158 159 160 163 164 165 166 167 168 170 172 173 175]
Test: [ 12  13  17  18  28  33  36  39  44  45  48  54  56  58  59  66  78  81
  88  89  91  93  95  99 112 113 118 122 125 145 161 162 169 171 174]

Split Method No. 2
Train: [  1   3   4   5   7   8   9  11  12  13  14  15  16  17  18  19  20  22
  23  24  25  26  27  28  29  30  31  33  35  36  37  39  40  41  42  43
  44  45  47  48  49  50  51  52  53  54  56  57  58  59  60  61  63  64
  66  67  68  69  71  72  73  75  76  78  79  80  81  82  85  86  87  88
  89  90  91  93  94  95  96  98  99 100 101 102 103 104 105 106 109 110
 111 112 113 115 118 119 120 121 122 124 125 126 127 128 129 130 131 133
 134 136 137 139 140 141 142 144 145 146 147 148 149 150 151 153 154 155
 156 157 158 159 160 161 162 163 165 167 169 170 171 172 174]
Test: [  0   2   6  10  21  32  34  38  46  55  62  65  70  74  77  83  84  92
  97 107 108 114 116 117 123 132 135 138 143 152 164 166 168 173 175]

Split Method No. 3
Train: [  0   1   2   4   5   6   7   8  10  11  12  13  14  16  17  18  19  20
  21  22  25  28  29  31  32  33  34  35  36  37  38  39  40  42  44  45
  46  47  48  50  51  53  54  55  56  57  58  59  60  61  62  63  65  66
  68  69  70  71  72  73  74  75  77  78  79  81  83  84  85  86  88  89
  90  91  92  93  94  95  96  97  99 101 102 105 106 107 108 110 112 113
 114 115 116 117 118 119 122 123 124 125 126 127 128 129 132 133 134 135
 136 137 138 139 140 141 142 143 144 145 146 149 150 152 153 154 155 156
 157 159 161 162 163 164 166 168 169 170 171 172 173 174 175]
Test: [  3   9  15  23  24  26  27  30  41  43  49  52  64  67  76  80  82  87
  98 100 103 104 109 111 120 121 130 131 147 148 151 158 160 165 167]

Split Method No. 4
Train: [  0   2   3   4   5   6   9  10  11  12  13  14  15  16  17  18  19  21
  23  24  26  27  28  29  30  31  32  33  34  35  36  38  39  40  41  42
  43  44  45  46  47  48  49  51  52  53  54  55  56  58  59  62  64  65
  66  67  69  70  73  74  75  76  77  78  80  81  82  83  84  85  87  88
  89  90  91  92  93  94  95  97  98  99 100 102 103 104 105 106 107 108
 109 110 111 112 113 114 116 117 118 119 120 121 122 123 124 125 126 127
 130 131 132 135 136 138 143 145 147 148 149 150 151 152 154 155 158 159
 160 161 162 163 164 165 166 167 168 169 170 171 173 174 175]
Test: [  1   7   8  20  22  25  37  50  57  60  61  63  68  71  72  79  86  96
 101 115 128 129 133 134 137 139 140 141 142 144 146 153 156 157 172]


Chromosome/Abnormality: chr_19
Split Method No. 0
Train: [ 0  1  3  4  5  6  7  8  9 10 11 12 13 14 15 16 17 18 19 20 21 22 23 24
 25 28 29 30 32 33 34 37 38 40 41 42 43 44 45 46 47 50 51 52 55 56 57 58
 59 61 62 63 64 67 68 69]
Test: [ 2 26 27 31 35 36 39 48 49 53 54 60 65 66]

Split Method No. 1
Train: [ 0  1  2  4  5  6  7  8  9 10 11 12 13 14 15 16 17 18 19 20 22 23 24 25
 26 27 28 29 30 31 32 35 36 37 39 40 41 42 44 45 46 48 49 50 53 54 56 60
 61 63 64 65 66 67 68 69]
Test: [ 3 21 33 34 38 43 47 51 52 55 57 58 59 62]

Split Method No. 2
Train: [ 1  2  3  4  5  6  7  9 11 12 14 16 18 20 21 23 25 26 27 28 29 30 31 32
 33 34 35 36 37 38 39 41 42 43 45 46 47 48 49 50 51 52 53 54 55 56 57 58
 59 60 62 64 65 66 68 69]
Test: [ 0  8 10 13 15 17 19 22 24 40 44 61 63 67]

Split Method No. 3
Train: [ 0  1  2  3  5  6  7  8  9 10 12 13 15 16 17 19 20 21 22 24 25 26 27 31
 33 34 35 36 37 38 39 40 43 44 45 47 48 49 50 51 52 53 54 55 57 58 59 60
 61 62 63 64 65 66 67 68]
Test: [ 4 11 14 18 23 28 29 30 32 41 42 46 56 69]

Split Method No. 4
Train: [ 0  2  3  4  8 10 11 13 14 15 17 18 19 21 22 23 24 26 27 28 29 30 31 32
 33 34 35 36 38 39 40 41 42 43 44 46 47 48 49 51 52 53 54 55 56 57 58 59
 60 61 62 63 65 66 67 69]
Test: [ 1  5  6  7  9 12 16 20 25 37 45 50 64 68]


Chromosome/Abnormality: chr_20
Split Method No. 0
Train: [ 0  1  3  4  5  6  7  8  9 10 11 12 13 14 15 16 17 18 19 20 21 22 23 24
 25 28 29 30 32 33 34 37 38 40 41 42 43 44 45 46 47 50 51 52 55 56 57 58
 59 61 62 63 64 67 68 69]
Test: [ 2 26 27 31 35 36 39 48 49 53 54 60 65 66]

Split Method No. 1
Train: [ 0  1  2  4  5  6  7  8  9 10 11 12 13 14 15 16 17 18 19 20 22 23 24 25
 26 27 28 29 30 31 32 35 36 37 39 40 41 42 44 45 46 48 49 50 53 54 56 60
 61 63 64 65 66 67 68 69]
Test: [ 3 21 33 34 38 43 47 51 52 55 57 58 59 62]

Split Method No. 2
Train: [ 1  2  3  4  5  6  7  9 11 12 14 16 18 20 21 23 25 26 27 28 29 30 31 32
 33 34 35 36 37 38 39 41 42 43 45 46 47 48 49 50 51 52 53 54 55 56 57 58
 59 60 62 64 65 66 68 69]
Test: [ 0  8 10 13 15 17 19 22 24 40 44 61 63 67]

Split Method No. 3
Train: [ 0  1  2  3  5  6  7  8  9 10 12 13 15 16 17 19 20 21 22 24 25 26 27 31
 33 34 35 36 37 38 39 40 43 44 45 47 48 49 50 51 52 53 54 55 57 58 59 60
 61 62 63 64 65 66 67 68]
Test: [ 4 11 14 18 23 28 29 30 32 41 42 46 56 69]

Split Method No. 4
Train: [ 0  2  3  4  8 10 11 13 14 15 17 18 19 21 22 23 24 26 27 28 29 30 31 32
 33 34 35 36 38 39 40 41 42 43 44 46 47 48 49 51 52 53 54 55 56 57 58 59
 60 61 62 63 65 66 67 69]
Test: [ 1  5  6  7  9 12 16 20 25 37 45 50 64 68]


Chromosome/Abnormality: chr_21
Split Method No. 0
Train: [ 0  1  3  4  5  6  7  8  9 10 11 12 13 14 15 16 17 18 19 20 21 22 23 24
 25 28 29 30 31 32 35 37 38 40 41 42 43 44 45 46 47 49 50 52 53 56 58 59
 60 62 63 65 66 67]
Test: [ 2 26 27 33 34 36 39 48 51 54 55 57 61 64]

Split Method No. 1
Train: [ 0  1  2  4  5  6  7  8  9 11 12 13 14 15 16 17 18 20 22 23 24 25 26 27
 28 29 30 32 33 34 36 37 38 39 41 42 43 45 47 48 50 51 53 54 55 57 58 60
 61 62 64 65 66 67]
Test: [ 3 10 19 21 31 35 40 44 46 49 52 56 59 63]

Split Method No. 2
Train: [ 0  1  2  3  4  5  6  7  9 10 11 12 14 15 16 18 19 20 21 23 25 26 27 28
 29 31 33 34 35 36 37 39 40 42 43 44 45 46 48 49 50 51 52 53 54 55 56 57
 59 61 63 64 66 67]
Test: [ 8 13 17 22 24 30 32 38 41 47 58 60 62 65]

Split Method No. 3
Train: [ 0  1  2  3  5  6  7  8  9 10 12 13 15 16 17 19 21 22 24 25 26 27 30 31
 32 33 34 35 36 37 38 39 40 41 44 45 46 47 48 49 51 52 54 55 56 57 58 59
 60 61 62 63 64 65 66]
Test: [ 4 11 14 18 20 23 28 29 42 43 50 53 67]

Split Method No. 4
Train: [ 2  3  4  8 10 11 13 14 17 18 19 20 21 22 23 24 26 27 28 29 30 31 32 33
 34 35 36 38 39 40 41 42 43 44 46 47 48 49 50 51 52 53 54 55 56 57 58 59
 60 61 62 63 64 65 67]
Test: [ 0  1  5  6  7  9 12 15 16 25 37 45 66]


Chromosome/Abnormality: chr_22
Split Method No. 0
Train: [ 0  1  3  4  5  6  7  8  9 10 11 12 13 14 15 16 17 18 19 20 21 22 23 24
 25 28 29 30 32 33 34 37 38 40 41 42 43 44 45 46 47 50 51 52 55 56 57 58
 59 61 62 63 64 67 68 69]
Test: [ 2 26 27 31 35 36 39 48 49 53 54 60 65 66]

Split Method No. 1
Train: [ 0  1  2  4  5  6  7  8  9 10 11 12 13 14 15 16 17 18 19 20 22 23 24 25
 26 27 28 29 30 31 32 35 36 37 39 40 41 42 44 45 46 48 49 50 53 54 56 60
 61 63 64 65 66 67 68 69]
Test: [ 3 21 33 34 38 43 47 51 52 55 57 58 59 62]

Split Method No. 2
Train: [ 1  2  3  4  5  6  7  9 11 12 14 16 18 20 21 23 25 26 27 28 29 30 31 32
 33 34 35 36 37 38 39 41 42 43 45 46 47 48 49 50 51 52 53 54 55 56 57 58
 59 60 62 64 65 66 68 69]
Test: [ 0  8 10 13 15 17 19 22 24 40 44 61 63 67]

Split Method No. 3
Train: [ 0  1  2  3  5  6  7  8  9 10 12 13 15 16 17 19 20 21 22 24 25 26 27 31
 33 34 35 36 37 38 39 40 43 44 45 47 48 49 50 51 52 53 54 55 57 58 59 60
 61 62 63 64 65 66 67 68]
Test: [ 4 11 14 18 23 28 29 30 32 41 42 46 56 69]

Split Method No. 4
Train: [ 0  2  3  4  8 10 11 13 14 15 17 18 19 21 22 23 24 26 27 28 29 30 31 32
 33 34 35 36 38 39 40 41 42 43 44 46 47 48 49 51 52 53 54 55 56 57 58 59
 60 61 62 63 65 66 67 69]
Test: [ 1  5  6  7  9 12 16 20 25 37 45 50 64 68]


Chromosome/Abnormality: chr_x
Split Method No. 0
Train: [  0   1   2   3   5   6   7   8   9  10  12  13  15  17  18  20  21  22
  23  24  25  26  27  28  30  32  33  34  36  37  38  39  41  42  43  44
  45  46  48  49  50  52  54  55  57  58  59  60  61  62  63  64  65  68
  69  70  71  72  74  75  76  77  79  80  82  83  85  86  87  88  89  91
  92  93  94  96  97 100 101 103 104 105 108 109 110 111 114 115 116 117
 118 121 122 123 125 126 127 128 129 130 131 133 134 135 136 137 138 139
 140 141 142 143 144 145 146 147 149 150 151 152 154 155 156 157 158 160
 161 162 163 164 165 166 167 168 169 171 172 173 174 175 176 177 178 179
 180 182 183 184 185 186 188]
Test: [  4  11  14  16  19  29  31  35  40  47  51  53  56  66  67  73  78  81
  84  90  95  98  99 102 106 107 112 113 119 120 124 132 148 153 159 170
 181 187]

Split Method No. 1
Train: [  0   1   2   3   4   6   7   8   9  10  11  14  15  16  19  20  21  22
  23  24  25  26  27  29  30  31  32  34  35  36  37  38  40  41  43  45
  46  47  49  50  51  52  53  55  56  57  60  61  62  63  64  65  66  67
  68  70  71  72  73  74  75  76  77  78  79  80  81  83  84  85  86  87
  88  89  90  91  92  95  96  97  98  99 100 101 102 104 106 107 109 111
 112 113 115 118 119 120 121 122 124 125 126 127 128 129 131 132 133 134
 136 137 138 139 140 141 142 143 144 146 147 148 149 150 151 152 153 154
 155 156 157 158 159 160 161 164 166 169 170 171 173 175 177 178 179 180
 181 182 184 185 186 187 188]
Test: [  5  12  13  17  18  28  33  39  42  44  48  54  58  59  69  82  93  94
 103 105 108 110 114 116 117 123 130 135 145 162 163 165 167 168 172 174
 176 183]

Split Method No. 2
Train: [  1   3   4   5   7   8   9  10  11  12  13  14  15  16  17  18  19  20
  22  23  24  25  26  27  28  29  30  31  32  33  34  35  37  38  39  40
  41  42  43  44  47  48  49  50  51  52  53  54  56  57  58  59  60  61
  63  64  66  67  68  69  71  72  73  76  78  79  80  81  82  83  84  86
  90  93  94  95  96  98  99 100 101 102 103 104 105 106 107 108 109 110
 111 112 113 114 115 116 117 119 120 121 123 124 125 126 127 128 129 130
 131 132 133 134 135 136 137 139 140 141 142 144 145 146 147 148 149 153
 154 156 157 159 160 161 162 163 165 166 167 168 170 171 172 173 174 176
 178 180 181 183 185 187 188]
Test: [  0   2   6  21  36  45  46  55  62  65  70  74  75  77  85  87  88  89
  91  92  97 118 122 138 143 150 151 152 155 158 164 169 175 177 179 182
 184 186]

Split Method No. 3
Train: [  0   1   2   4   5   6   7   8  11  12  13  14  16  17  18  19  20  21
  22  25  28  29  30  31  33  35  36  37  39  40  42  44  45  46  47  48
  50  51  53  54  55  56  57  58  59  60  61  62  63  65  66  67  68  69
  70  71  72  73  74  75  77  78  79  81  82  84  85  86  87  88  89  90
  91  92  93  94  95  96  97  98  99 101 102 103 105 106 107 108 110 112
 113 114 115 116 117 118 119 120 121 122 123 124 128 129 130 132 133 134
 135 137 138 139 140 141 142 143 144 145 146 148 150 151 152 153 155 156
 157 158 159 162 163 164 165 166 167 168 169 170 172 174 175 176 177 179
 181 182 183 184 185 186 187]
Test: [  3   9  10  15  23  24  26  27  32  34  38  41  43  49  52  64  76  80
  83 100 104 109 111 125 126 127 131 136 147 149 154 160 161 171 173 178
 180 188]

Split Method No. 4
Train: [  0   2   3   4   5   6   9  10  11  12  13  14  15  16  17  18  19  21
  23  24  26  27  28  29  31  32  33  34  35  36  38  39  40  41  42  43
  44  45  46  47  48  49  51  52  53  54  55  56  58  59  62  64  65  66
  67  69  70  73  74  75  76  77  78  80  81  82  83  84  85  87  88  89
  90  91  92  93  94  95  97  98  99 100 102 103 104 105 106 107 108 109
 110 111 112 113 114 116 117 118 119 120 122 123 124 125 126 127 130 131
 132 135 136 138 143 145 147 148 149 150 151 152 153 154 155 158 159 160
 161 162 163 164 165 167 168 169 170 171 172 173 174 175 176 177 178 179
 180 181 182 183 184 186 187 188]
Test: [  1   7   8  20  22  25  30  37  50  57  60  61  63  68  71  72  79  86
  96 101 115 121 128 129 133 134 137 139 140 141 142 144 146 156 157 166
 185]


Chromosome/Abnormality: chr_y
Split Method No. 0
Train: [  0   1   2   3   5   6   7   8   9  10  13  14  15  16  17  18  19  20
  21  22  23  24  25  26  28  29  30  32  33  35  36  37  40  41  42  43
  45  46  47  48  49  50  52  53  54  55  56  57  59  60  61  63  64  65
  66  67  68  69  70  71  72  73  74  75  76  77  80  81  82  83  84  85
  86  87  89  92  93  94  96  97  98 100 101 102 103 104 107 109 110 111
 112 113 115 116 120 121 122 124 125 126 127 128 129 130 131 132 133 134
 135 136 137 139 140 141 142 143 144 145 146 148 149 150 151 153 154 155
 156 157 158 160 161 162 163 165 166 169 170 171 174 175 177 178 180 181
 182 183 184 188 189 191 192 193 194 196 198 199 200 201 203 204 205 206
 207 208 209 210 211 212 213 214 215 216 218 219 221 222 223 224 225 227
 228 229 231 232 233 234 235 237 238 239 240 241 242 243 244 245 248 249
 250 251 252 253 254 255 256 257 258 259 260 261 262 263 264 266]
Test: [  4  11  12  27  31  34  38  39  44  51  58  62  78  79  88  90  91  95
  99 105 106 108 114 117 118 119 123 138 147 152 159 164 167 168 172 173
 176 179 185 186 187 190 195 197 202 217 220 226 230 236 246 247 265 267]

Split Method No. 1
Train: [  1   2   3   4   5   6   7   8   9  10  11  12  13  15  17  20  22  23
  24  25  26  27  30  31  32  34  36  37  38  39  41  42  43  44  45  46
  48  49  50  51  52  53  54  57  58  60  61  62  63  64  65  66  68  70
  71  72  74  75  76  77  78  79  80  81  82  83  84  86  87  88  90  91
  92  94  95  96  97  98  99 100 101 103 104 105 106 108 109 111 113 114
 115 117 118 119 121 122 123 124 125 126 128 129 130 131 132 133 134 135
 136 137 138 139 141 142 143 144 145 146 147 149 150 151 152 153 155 156
 157 158 159 160 162 164 165 166 167 168 170 172 173 175 176 177 178 179
 181 182 184 185 186 187 189 190 192 194 195 196 197 198 199 200 201 202
 203 206 207 208 209 211 212 213 215 216 217 218 219 220 221 222 223 225
 226 227 228 229 230 231 232 233 234 235 236 237 238 239 240 241 243 244
 245 246 247 253 254 255 256 257 259 261 262 263 264 265 266 267]
Test: [  0  14  16  18  19  21  28  29  33  35  40  47  55  56  59  67  69  73
  85  89  93 102 107 110 112 116 120 127 140 148 154 161 163 169 171 174
 180 183 188 191 193 204 205 210 214 224 242 248 249 250 251 252 258 260]

Split Method No. 2
Train: [  0   1   3   4   6   7   8   9  10  11  12  14  15  16  18  19  21  22
  23  24  25  26  27  28  29  30  31  32  33  34  35  37  38  39  40  41
  43  44  46  47  49  50  51  52  55  56  57  58  59  60  61  62  63  64
  65  67  68  69  71  72  73  74  76  77  78  79  80  83  85  86  87  88
  89  90  91  92  93  95  96  99 100 101 102 104 105 106 107 108 109 110
 111 112 113 114 115 116 117 118 119 120 121 123 125 126 127 128 129 131
 133 135 136 137 138 139 140 141 142 143 144 146 147 148 149 151 152 153
 154 155 156 157 159 160 161 162 163 164 165 166 167 168 169 171 172 173
 174 175 176 178 179 180 183 185 186 187 188 189 190 191 193 195 196 197
 198 200 202 203 204 205 206 207 209 210 211 212 213 214 215 216 217 220
 222 223 224 225 226 229 230 231 232 233 234 235 236 237 238 241 242 243
 245 246 247 248 249 250 251 252 253 254 255 258 259 260 265 267]
Test: [  2   5  13  17  20  36  42  45  48  53  54  66  70  75  81  82  84  94
  97  98 103 122 124 130 132 134 145 150 158 170 177 181 182 184 192 194
 199 201 208 218 219 221 227 228 239 240 244 256 257 261 262 263 264 266]

Split Method No. 3
Train: [  0   1   2   4   5   7   8  11  12  13  14  16  17  18  19  20  21  22
  27  28  29  30  31  33  34  35  36  37  38  39  40  42  44  45  47  48
  50  51  53  54  55  56  57  58  59  60  61  62  63  66  67  68  69  70
  71  72  73  75  78  79  81  82  84  85  86  88  89  90  91  93  94  95
  96  97  98  99 101 102 103 105 106 107 108 110 112 114 115 116 117 118
 119 120 121 122 123 124 127 128 129 130 131 132 133 134 137 138 139 140
 141 142 144 145 146 147 148 149 150 152 154 156 157 158 159 161 163 164
 167 168 169 170 171 172 173 174 175 176 177 178 179 180 181 182 183 184
 185 186 187 188 190 191 192 193 194 195 197 198 199 200 201 202 203 204
 205 208 209 210 212 214 215 216 217 218 219 220 221 222 224 226 227 228
 230 233 234 235 236 237 238 239 240 241 242 243 244 245 246 247 248 249
 250 251 252 254 255 256 257 258 259 260 261 262 263 264 265 266 267]
Test: [  3   6   9  10  15  23  24  25  26  32  41  43  46  49  52  64  65  74
  76  77  80  83  87  92 100 104 109 111 113 125 126 135 136 143 151 153
 155 160 162 165 166 189 196 206 207 211 213 223 225 229 231 232 253]

Split Method No. 4
Train: [  0   2   3   4   5   6   9  10  11  12  13  14  15  16  17  18  19  20
  21  23  24  25  26  27  28  29  31  32  33  34  35  36  38  39  40  41
  42  43  44  45  46  47  48  49  51  52  53  54  55  56  58  59  62  64
  65  66  67  69  70  73  74  75  76  77  78  79  80  81  82  83  84  85
  87  88  89  90  91  92  93  94  95  97  98  99 100 102 103 104 105 106
 107 108 109 110 111 112 113 114 116 117 118 119 120 122 123 124 125 126
 127 130 132 134 135 136 138 140 143 145 147 148 150 151 152 153 154 155
 158 159 160 161 162 163 164 165 166 167 168 169 170 171 172 173 174 176
 177 179 180 181 182 183 184 185 186 187 188 189 190 191 192 193 194 195
 196 197 199 201 202 204 205 206 207 208 210 211 213 214 217 218 219 220
 221 223 224 225 226 227 228 229 230 231 232 236 239 240 242 244 246 247
 248 249 250 251 252 253 256 257 258 260 261 262 263 264 265 266 267]
Test: [  1   7   8  22  30  37  50  57  60  61  63  68  71  72  86  96 101 115
 121 128 129 131 133 137 139 141 142 144 146 149 156 157 175 178 198 200
 203 209 212 215 216 222 233 234 235 237 238 241 243 245 254 255 259]


