Accuracy: 0.9367815852165222

Performance Report: 
              precision    recall  f1-score   support

       chr_x       0.89      0.93      0.91        27
      chr_01       1.00      0.91      0.95        11
      chr_02       1.00      1.00      1.00        10
      chr_03       0.91      1.00      0.95        10
      chr_04       0.83      1.00      0.91        10
      chr_05       1.00      0.93      0.96        29
      chr_06       1.00      0.80      0.89        10
      chr_07       0.73      0.80      0.76        10
      chr_08       0.89      0.80      0.84        10
      chr_09       0.89      0.86      0.88        37
      chr_10       1.00      0.90      0.95        10
      chr_11       0.91      1.00      0.95        10
      chr_12       1.00      1.00      1.00        10
      chr_13       1.00      1.00      1.00        10
      chr_14       1.00      1.00      1.00        10
      chr_15       1.00      0.90      0.95        10
      chr_16       1.00      1.00      1.00        10
      chr_17       1.00      1.00      1.00        10
      chr_18       0.96      0.88      0.92        25
      chr_19       0.91      1.00      0.95        10
      chr_20       1.00      1.00      1.00        10
      chr_21       1.00      1.00      1.00        10
      chr_22       0.90      0.90      0.90        10
       chr_y       0.91      1.00      0.95        39

   micro avg       0.94      0.94      0.94       348
   macro avg       0.95      0.94      0.94       348
weighted avg       0.94      0.94      0.94       348


Confusion Matrix: 
        chr_x  chr_01  chr_02  chr_03  chr_04  chr_05  chr_06  chr_07  chr_08  \
chr_x      25       0       0       0       0       0       0       0       0   
chr_01      0      10       0       0       0       0       0       0       0   
chr_02      0       0      10       0       0       0       0       0       0   
chr_03      0       0       0      10       0       0       0       0       0   
chr_04      0       0       0       0      10       0       0       0       0   
chr_05      0       0       0       0       2      27       0       0       0   
chr_06      0       0       0       1       0       0       8       1       0   
chr_07      1       0       0       0       0       0       0       8       0   
chr_08      0       0       0       0       0       0       0       1       8   
chr_09      2       0       0       0       0       0       0       1       1   
chr_10      0       0       0       0       0       0       0       0       0   
chr_11      0       0       0       0       0       0       0       0       0   
chr_12      0       0       0       0       0       0       0       0       0   
chr_13      0       0       0       0       0       0       0       0       0   
chr_14      0       0       0       0       0       0       0       0       0   
chr_15      0       0       0       0       0       0       0       0       0   
chr_16      0       0       0       0       0       0       0       0       0   
chr_17      0       0       0       0       0       0       0       0       0   
chr_18      0       0       0       0       0       0       0       0       0   
chr_19      0       0       0       0       0       0       0       0       0   
chr_20      0       0       0       0       0       0       0       0       0   
chr_21      0       0       0       0       0       0       0       0       0   
chr_22      0       0       0       0       0       0       0       0       0   
chr_y       0       0       0       0       0       0       0       0       0   

        chr_09  ...  chr_14  chr_15  chr_16  chr_17  chr_18  chr_19  chr_20  \
chr_x        2  ...       0       0       0       0       0       0       0   
chr_01       0  ...       0       0       0       0       0       0       0   
chr_02       0  ...       0       0       0       0       0       0       0   
chr_03       0  ...       0       0       0       0       0       0       0   
chr_04       0  ...       0       0       0       0       0       0       0   
chr_05       0  ...       0       0       0       0       0       0       0   
chr_06       0  ...       0       0       0       0       0       0       0   
chr_07       1  ...       0       0       0       0       0       0       0   
chr_08       1  ...       0       0       0       0       0       0       0   
chr_09      32  ...       0       0       0       0       0       0       0   
chr_10       0  ...       0       0       0       0       1       0       0   
chr_11       0  ...       0       0       0       0       0       0       0   
chr_12       0  ...       0       0       0       0       0       0       0   
chr_13       0  ...       0       0       0       0       0       0       0   
chr_14       0  ...      10       0       0       0       0       0       0   
chr_15       0  ...       0       9       0       0       0       0       0   
chr_16       0  ...       0       0      10       0       0       0       0   
chr_17       0  ...       0       0       0      10       0       0       0   
chr_18       0  ...       0       0       0       0      22       0       0   
chr_19       0  ...       0       0       0       0       0      10       0   
chr_20       0  ...       0       0       0       0       0       0      10   
chr_21       0  ...       0       0       0       0       0       0       0   
chr_22       0  ...       0       0       0       0       0       1       0   
chr_y        0  ...       0       0       0       0       0       0       0   

        chr_21  chr_22  chr_y  
chr_x        0       0      0  
chr_01       0       1      0  
chr_02       0       0      0  
chr_03       0       0      0  
chr_04       0       0      0  
chr_05       0       0      0  
chr_06       0       0      0  
chr_07       0       0      0  
chr_08       0       0      0  
chr_09       0       0      0  
chr_10       0       0      0  
chr_11       0       0      0  
chr_12       0       0      0  
chr_13       0       0      0  
chr_14       0       0      0  
chr_15       0       0      1  
chr_16       0       0      0  
chr_17       0       0      0  
chr_18       0       0      3  
chr_19       0       0      0  
chr_20       0       0      0  
chr_21      10       0      0  
chr_22       0       9      0  
chr_y        0       0     39  

[24 rows x 24 columns].

