Accuracy: 0.8888888955116272

Performance Report: 
              precision    recall  f1-score   support

       chr_x       0.88      0.81      0.85        27
      chr_01       0.90      0.90      0.90        10
      chr_02       0.90      0.90      0.90        10
      chr_03       1.00      0.90      0.95        10
      chr_04       0.90      0.90      0.90        10
      chr_05       0.93      0.96      0.95        28
      chr_06       0.91      1.00      0.95        10
      chr_07       1.00      0.90      0.95        10
      chr_08       0.75      0.90      0.82        10
      chr_09       0.82      0.86      0.84        37
      chr_10       0.88      0.70      0.78        10
      chr_11       1.00      0.70      0.82        10
      chr_12       0.80      0.89      0.84         9
      chr_13       0.75      0.60      0.67        10
      chr_14       0.83      1.00      0.91        10
      chr_15       0.80      0.80      0.80        10
      chr_16       0.70      0.78      0.74         9
      chr_17       1.00      0.90      0.95        10
      chr_18       1.00      0.96      0.98        25
      chr_19       0.90      0.90      0.90        10
      chr_20       0.83      1.00      0.91        10
      chr_21       1.00      1.00      1.00         9
      chr_22       0.89      0.80      0.84        10
       chr_y       0.93      0.97      0.95        38

   micro avg       0.89      0.89      0.89       342
   macro avg       0.89      0.88      0.88       342
weighted avg       0.89      0.89      0.89       342


Confusion Matrix: 
        chr_x  chr_01  chr_02  chr_03  chr_04  chr_05  chr_06  chr_07  chr_08  \
chr_x      22       0       0       0       0       0       0       0       0   
chr_01      0       9       1       0       0       0       0       0       0   
chr_02      0       1       9       0       0       0       0       0       0   
chr_03      0       0       0       9       0       0       0       0       0   
chr_04      0       0       0       0       9       1       0       0       0   
chr_05      0       0       0       0       1      27       0       0       0   
chr_06      0       0       0       0       0       0      10       0       0   
chr_07      1       0       0       0       0       0       0       9       0   
chr_08      0       0       0       0       0       0       0       0       9   
chr_09      2       0       0       0       0       0       0       0       2   
chr_10      0       0       0       0       0       0       0       0       0   
chr_11      0       0       0       0       0       1       0       0       0   
chr_12      0       0       0       0       0       0       0       0       0   
chr_13      0       0       0       0       0       0       1       0       0   
chr_14      0       0       0       0       0       0       0       0       0   
chr_15      0       0       0       0       0       0       0       0       0   
chr_16      0       0       0       0       0       0       0       0       1   
chr_17      0       0       0       0       0       0       0       0       0   
chr_18      0       0       0       0       0       0       0       0       0   
chr_19      0       0       0       0       0       0       0       0       0   
chr_20      0       0       0       0       0       0       0       0       0   
chr_21      0       0       0       0       0       0       0       0       0   
chr_22      0       0       0       0       0       0       0       0       0   
chr_y       0       0       0       0       0       0       0       0       0   

        chr_09  ...  chr_14  chr_15  chr_16  chr_17  chr_18  chr_19  chr_20  \
chr_x        5  ...       0       0       0       0       0       0       0   
chr_01       0  ...       0       0       0       0       0       0       0   
chr_02       0  ...       0       0       0       0       0       0       0   
chr_03       0  ...       0       0       0       0       0       0       1   
chr_04       0  ...       0       0       0       0       0       0       0   
chr_05       0  ...       0       0       0       0       0       0       0   
chr_06       0  ...       0       0       0       0       0       0       0   
chr_07       0  ...       0       0       0       0       0       0       0   
chr_08       1  ...       0       0       0       0       0       0       0   
chr_09      32  ...       0       0       0       0       0       0       0   
chr_10       1  ...       0       0       2       0       0       0       0   
chr_11       0  ...       0       0       0       0       0       0       0   
chr_12       0  ...       0       0       0       0       0       1       0   
chr_13       0  ...       0       2       0       0       0       0       0   
chr_14       0  ...      10       0       0       0       0       0       0   
chr_15       0  ...       1       8       1       0       0       0       0   
chr_16       0  ...       0       0       7       0       0       0       0   
chr_17       0  ...       0       0       0       9       0       0       0   
chr_18       0  ...       1       0       0       0      24       0       0   
chr_19       0  ...       0       0       0       0       0       9       0   
chr_20       0  ...       0       0       0       0       0       0      10   
chr_21       0  ...       0       0       0       0       0       0       0   
chr_22       0  ...       0       0       0       0       0       0       1   
chr_y        0  ...       0       0       0       0       0       0       0   

        chr_21  chr_22  chr_y  
chr_x        0       0      0  
chr_01       0       0      0  
chr_02       0       0      0  
chr_03       0       0      0  
chr_04       0       0      0  
chr_05       0       0      0  
chr_06       0       0      0  
chr_07       0       0      0  
chr_08       0       0      0  
chr_09       0       0      0  
chr_10       0       0      0  
chr_11       0       0      0  
chr_12       0       0      0  
chr_13       0       0      1  
chr_14       0       0      0  
chr_15       0       0      0  
chr_16       0       0      1  
chr_17       0       0      0  
chr_18       0       0      0  
chr_19       0       1      0  
chr_20       0       0      0  
chr_21       9       0      0  
chr_22       0       8      1  
chr_y        0       0     37  

[24 rows x 24 columns].

