Accuracy: 0.9046242833137512

Performance Report: 
              precision    recall  f1-score   support

       chr_x       0.77      0.85      0.81        27
      chr_01       1.00      0.90      0.95        10
      chr_02       0.91      1.00      0.95        10
      chr_03       0.91      1.00      0.95        10
      chr_04       1.00      0.90      0.95        10
      chr_05       0.97      1.00      0.98        29
      chr_06       1.00      1.00      1.00        10
      chr_07       1.00      0.80      0.89        10
      chr_08       1.00      0.80      0.89        10
      chr_09       0.82      0.86      0.84        37
      chr_10       1.00      0.90      0.95        10
      chr_11       1.00      1.00      1.00        10
      chr_12       1.00      1.00      1.00        10
      chr_13       0.73      0.80      0.76        10
      chr_14       0.60      0.60      0.60        10
      chr_15       0.78      0.70      0.74        10
      chr_16       1.00      0.90      0.95        10
      chr_17       1.00      1.00      1.00        10
      chr_18       0.92      0.92      0.92        25
      chr_19       1.00      1.00      1.00        10
      chr_20       0.91      1.00      0.95        10
      chr_21       0.91      1.00      0.95        10
      chr_22       0.89      0.80      0.84        10
       chr_y       0.95      0.92      0.93        38

   micro avg       0.90      0.90      0.90       346
   macro avg       0.92      0.90      0.91       346
weighted avg       0.91      0.90      0.90       346


Confusion Matrix: 
        chr_x  chr_01  chr_02  chr_03  chr_04  chr_05  chr_06  chr_07  chr_08  \
chr_x      23       0       0       1       0       0       0       0       0   
chr_01      0       9       1       0       0       0       0       0       0   
chr_02      0       0      10       0       0       0       0       0       0   
chr_03      0       0       0      10       0       0       0       0       0   
chr_04      0       0       0       0       9       1       0       0       0   
chr_05      0       0       0       0       0      29       0       0       0   
chr_06      0       0       0       0       0       0      10       0       0   
chr_07      0       0       0       0       0       0       0       8       0   
chr_08      0       0       0       0       0       0       0       0       8   
chr_09      5       0       0       0       0       0       0       0       0   
chr_10      1       0       0       0       0       0       0       0       0   
chr_11      0       0       0       0       0       0       0       0       0   
chr_12      0       0       0       0       0       0       0       0       0   
chr_13      0       0       0       0       0       0       0       0       0   
chr_14      0       0       0       0       0       0       0       0       0   
chr_15      0       0       0       0       0       0       0       0       0   
chr_16      1       0       0       0       0       0       0       0       0   
chr_17      0       0       0       0       0       0       0       0       0   
chr_18      0       0       0       0       0       0       0       0       0   
chr_19      0       0       0       0       0       0       0       0       0   
chr_20      0       0       0       0       0       0       0       0       0   
chr_21      0       0       0       0       0       0       0       0       0   
chr_22      0       0       0       0       0       0       0       0       0   
chr_y       0       0       0       0       0       0       0       0       0   

        chr_09  ...  chr_14  chr_15  chr_16  chr_17  chr_18  chr_19  chr_20  \
chr_x        3  ...       0       0       0       0       0       0       0   
chr_01       0  ...       0       0       0       0       0       0       0   
chr_02       0  ...       0       0       0       0       0       0       0   
chr_03       0  ...       0       0       0       0       0       0       0   
chr_04       0  ...       0       0       0       0       0       0       0   
chr_05       0  ...       0       0       0       0       0       0       0   
chr_06       0  ...       0       0       0       0       0       0       0   
chr_07       2  ...       0       0       0       0       0       0       0   
chr_08       2  ...       0       0       0       0       0       0       0   
chr_09      32  ...       0       0       0       0       0       0       0   
chr_10       0  ...       0       0       0       0       0       0       0   
chr_11       0  ...       0       0       0       0       0       0       0   
chr_12       0  ...       0       0       0       0       0       0       0   
chr_13       0  ...       2       0       0       0       0       0       0   
chr_14       0  ...       6       1       0       0       1       0       0   
chr_15       0  ...       1       7       0       0       0       0       0   
chr_16       0  ...       0       0       9       0       0       0       0   
chr_17       0  ...       0       0       0      10       0       0       0   
chr_18       0  ...       1       0       0       0      23       0       0   
chr_19       0  ...       0       0       0       0       0      10       0   
chr_20       0  ...       0       0       0       0       0       0      10   
chr_21       0  ...       0       0       0       0       0       0       0   
chr_22       0  ...       0       0       0       0       0       0       1   
chr_y        0  ...       0       1       0       0       1       0       0   

        chr_21  chr_22  chr_y  
chr_x        0       0      0  
chr_01       0       0      0  
chr_02       0       0      0  
chr_03       0       0      0  
chr_04       0       0      0  
chr_05       0       0      0  
chr_06       0       0      0  
chr_07       0       0      0  
chr_08       0       0      0  
chr_09       0       0      0  
chr_10       0       0      0  
chr_11       0       0      0  
chr_12       0       0      0  
chr_13       0       0      0  
chr_14       0       0      1  
chr_15       0       0      0  
chr_16       0       0      0  
chr_17       0       0      0  
chr_18       0       0      1  
chr_19       0       0      0  
chr_20       0       0      0  
chr_21      10       0      0  
chr_22       1       8      0  
chr_y        0       1     35  

[24 rows x 24 columns].

