Accuracy: 0.9287749528884888

Performance Report: 
              precision    recall  f1-score   support

       chr_x       0.93      0.93      0.93        27
      chr_01       1.00      1.00      1.00        11
      chr_02       0.90      0.90      0.90        10
      chr_03       1.00      0.90      0.95        10
      chr_04       0.90      0.90      0.90        10
      chr_05       1.00      0.97      0.98        29
      chr_06       0.80      0.80      0.80        10
      chr_07       0.89      0.80      0.84        10
      chr_08       0.83      0.91      0.87        11
      chr_09       0.90      0.92      0.91        38
      chr_10       0.91      1.00      0.95        10
      chr_11       1.00      0.90      0.95        10
      chr_12       1.00      0.90      0.95        10
      chr_13       1.00      1.00      1.00        10
      chr_14       0.71      1.00      0.83        10
      chr_15       1.00      0.80      0.89        10
      chr_16       0.91      1.00      0.95        10
      chr_17       0.82      0.90      0.86        10
      chr_18       0.96      0.92      0.94        26
      chr_19       0.90      0.90      0.90        10
      chr_20       1.00      1.00      1.00        10
      chr_21       0.91      1.00      0.95        10
      chr_22       0.90      0.90      0.90        10
       chr_y       1.00      0.95      0.97        39

   micro avg       0.93      0.93      0.93       351
   macro avg       0.92      0.92      0.92       351
weighted avg       0.93      0.93      0.93       351


Confusion Matrix: 
        chr_x  chr_01  chr_02  chr_03  chr_04  chr_05  chr_06  chr_07  chr_08  \
chr_x      25       0       0       0       0       0       0       0       0   
chr_01      0      11       0       0       0       0       0       0       0   
chr_02      0       0       9       0       0       0       0       1       0   
chr_03      0       0       0       9       0       0       0       0       0   
chr_04      0       0       0       0       9       0       1       0       0   
chr_05      0       0       0       0       0      28       0       0       0   
chr_06      0       0       1       0       0       0       8       0       0   
chr_07      0       0       0       0       0       0       1       8       0   
chr_08      0       0       0       0       0       0       0       0      10   
chr_09      2       0       0       0       0       0       0       0       1   
chr_10      0       0       0       0       0       0       0       0       0   
chr_11      0       0       0       0       0       0       0       0       0   
chr_12      0       0       0       0       1       0       0       0       0   
chr_13      0       0       0       0       0       0       0       0       0   
chr_14      0       0       0       0       0       0       0       0       0   
chr_15      0       0       0       0       0       0       0       0       0   
chr_16      0       0       0       0       0       0       0       0       0   
chr_17      0       0       0       0       0       0       0       0       0   
chr_18      0       0       0       0       0       0       0       0       1   
chr_19      0       0       0       0       0       0       0       0       0   
chr_20      0       0       0       0       0       0       0       0       0   
chr_21      0       0       0       0       0       0       0       0       0   
chr_22      0       0       0       0       0       0       0       0       0   
chr_y       0       0       0       0       0       0       0       0       0   

        chr_09  ...  chr_14  chr_15  chr_16  chr_17  chr_18  chr_19  chr_20  \
chr_x        2  ...       0       0       0       0       0       0       0   
chr_01       0  ...       0       0       0       0       0       0       0   
chr_02       0  ...       0       0       0       0       0       0       0   
chr_03       0  ...       1       0       0       0       0       0       0   
chr_04       0  ...       0       0       0       0       0       0       0   
chr_05       1  ...       0       0       0       0       0       0       0   
chr_06       0  ...       1       0       0       0       0       0       0   
chr_07       1  ...       0       0       0       0       0       0       0   
chr_08       0  ...       0       0       0       0       0       0       0   
chr_09      35  ...       0       0       0       0       0       0       0   
chr_10       0  ...       0       0       0       0       0       0       0   
chr_11       0  ...       0       0       0       1       0       0       0   
chr_12       0  ...       0       0       0       0       0       0       0   
chr_13       0  ...       0       0       0       0       0       0       0   
chr_14       0  ...      10       0       0       0       0       0       0   
chr_15       0  ...       2       8       0       0       0       0       0   
chr_16       0  ...       0       0      10       0       0       0       0   
chr_17       0  ...       0       0       1       9       0       0       0   
chr_18       0  ...       0       0       0       1      24       0       0   
chr_19       0  ...       0       0       0       0       0       9       0   
chr_20       0  ...       0       0       0       0       0       0      10   
chr_21       0  ...       0       0       0       0       0       0       0   
chr_22       0  ...       0       0       0       0       0       1       0   
chr_y        0  ...       0       0       0       0       1       0       0   

        chr_21  chr_22  chr_y  
chr_x        0       0      0  
chr_01       0       0      0  
chr_02       0       0      0  
chr_03       0       0      0  
chr_04       0       0      0  
chr_05       0       0      0  
chr_06       0       0      0  
chr_07       0       0      0  
chr_08       0       0      0  
chr_09       0       0      0  
chr_10       0       0      0  
chr_11       0       0      0  
chr_12       0       0      0  
chr_13       0       0      0  
chr_14       0       0      0  
chr_15       0       0      0  
chr_16       0       0      0  
chr_17       0       0      0  
chr_18       0       0      0  
chr_19       0       1      0  
chr_20       0       0      0  
chr_21      10       0      0  
chr_22       0       9      0  
chr_y        1       0     37  

[24 rows x 24 columns].

