Chromosome/Abnormality: chr_18
Split Method No. 0
Train: [  0   1   2   3   5   6   7   8   9  10  12  13  15  16  17  18  20  21
  22  23  24  25  26  27  28  29  30  32  33  34  36  37  38  39  41  43
  44  45  46  47  48  49  50  52  54  55  56  57  58  59  60  61  62  63
  64  65  66  67  68  70  71  72  74  76  77  78  79  80  81  82  83  84
  86  87  88  89  90  91  92  93  95  96  97  98  99 100 101 102 103 104
 107 108 109 111 112 113 114 115 116 117 118 120 121 122 123 125 128 129
 130 131 132 133 134 135 137 138 139 140 141 142 143 144 145 146 147 148
 149 151 152 153 154 155 156 157 158 159 160 161 162 164 165 166 167 168
 169 171 172 173 174 175]
Test: [  4  11  14  19  31  35  40  42  51  53  69  73  75  85  94 105 106 110
 119 124 126 127 136 150 163 170]

Split Method No. 1
Train: [  0   1   2   3   4   6   7   8   9  10  11  12  13  14  15  17  19  20
  21  22  23  24  25  26  27  28  30  31  32  34  35  36  37  38  40  41
  42  43  45  46  49  50  51  52  53  55  57  60  61  62  63  64  65  66
  67  68  69  70  71  72  73  74  75  76  77  78  79  80  82  83  84  85
  86  87  88  91  92  93  94  95  96  97  98 100 101 103 104 105 106 107
 108 109 110 111 113 114 115 116 117 118 119 120 121 122 123 124 126 127
 128 129 130 131 132 133 134 135 136 137 138 139 140 141 142 143 144 146
 147 148 150 151 152 153 156 157 158 160 161 162 163 164 165 166 167 168
 169 170 171 172 173 174 175]
Test: [  5  16  18  29  33  39  44  47  48  54  56  58  59  81  89  90  99 102
 112 125 145 149 154 155 159]

Split Method No. 2
Train: [  0   1   2   3   4   5   6   7   8   9  10  11  14  15  16  18  19  20
  22  23  24  25  26  27  29  30  31  32  33  34  35  37  38  39  40  41
  42  43  44  46  47  48  49  50  51  52  53  54  55  56  57  58  59  60
  61  62  63  64  65  67  68  69  70  71  72  73  74  75  76  77  79  80
  81  82  83  84  85  86  87  89  90  92  94  96  97  98  99 100 101 102
 103 104 105 106 107 108 109 110 111 112 114 115 117 119 120 121 123 124
 125 126 127 128 129 130 131 133 134 135 136 137 138 139 140 141 142 143
 144 145 146 147 148 149 150 151 152 153 154 155 156 157 158 159 160 163
 165 166 167 168 170 172 175]
Test: [ 12  13  17  21  28  36  45  66  78  88  91  93  95 113 116 118 122 132
 161 162 164 169 171 173 174]

Split Method No. 3
Train: [  1   3   4   5   7   8   9  11  12  13  14  15  16  17  18  19  20  21
  22  23  24  25  26  27  28  29  30  31  33  35  36  37  38  39  40  41
  42  43  44  45  47  48  49  50  51  52  53  54  56  57  58  59  60  61
  63  64  66  67  68  69  71  72  73  75  76  78  79  80  81  82  83  85
  86  87  88  89  90  91  93  94  95  96  98  99 100 101 102 103 104 105
 106 109 110 111 112 113 115 116 118 119 120 121 122 124 125 126 127 128
 129 130 131 132 133 134 135 136 137 139 140 141 142 143 144 145 146 147
 148 149 150 151 153 154 155 156 157 158 159 160 161 162 163 164 165 167
 169 170 171 172 173 174 175]
Test: [  0   2   6  10  32  34  46  55  62  65  70  74  77  84  92  97 107 108
 114 117 123 138 152 166 168]

Split Method No. 4
Train: [  0   1   2   3   4   5   6   7   8  10  11  12  13  14  16  17  18  19
  20  21  22  24  25  26  28  29  30  31  32  33  34  35  36  37  39  40
  42  43  44  45  46  47  48  49  50  51  52  53  54  55  56  57  58  59
  60  61  62  63  65  66  68  69  70  71  72  73  74  75  76  77  78  79
  80  81  84  85  86  88  89  90  91  92  93  94  95  96  97  99 101 102
 105 106 107 108 109 110 112 113 114 115 116 117 118 119 121 122 123 124
 125 126 127 128 129 131 132 133 134 136 137 138 139 140 141 142 144 145
 146 147 149 150 152 153 154 155 156 157 158 159 161 162 163 164 166 167
 168 169 170 171 172 173 174]
Test: [  9  15  23  27  38  41  64  67  82  83  87  98 100 103 104 111 120 130
 135 143 148 151 160 165 175]

Split Method No. 5
Train: [  0   2   4   5   6   7   9  10  11  12  13  14  15  16  17  18  19  20
  21  23  25  27  28  29  31  32  33  34  35  36  37  38  39  40  41  42
  44  45  46  47  48  50  51  53  54  55  56  58  59  62  64  65  66  67
  68  69  70  71  72  73  74  75  77  78  79  81  82  83  84  85  86  87
  88  89  90  91  92  93  94  95  96  97  98  99 100 101 102 103 104 105
 106 107 108 110 111 112 113 114 116 117 118 119 120 122 123 124 125 126
 127 129 130 132 133 134 135 136 137 138 139 140 141 142 143 144 145 146
 148 149 150 151 152 154 155 156 157 159 160 161 162 163 164 165 166 168
 169 170 171 172 173 174 175]
Test: [  1   3   8  22  24  26  30  43  49  52  57  60  61  63  76  80 109 115
 121 128 131 147 153 158 167]

Split Method No. 6
Train: [  0   1   2   3   4   5   6   8   9  10  11  12  13  14  15  16  17  18
  19  21  22  23  24  26  27  28  29  30  31  32  33  34  35  36  38  39
  40  41  42  43  44  45  46  47  48  49  51  52  53  54  55  56  57  58
  59  60  61  62  63  64  65  66  67  69  70  73  74  75  76  77  78  80
  81  82  83  84  85  87  88  89  90  91  92  93  94  95  97  98  99 100
 102 103 104 105 106 107 108 109 110 111 112 113 114 115 116 117 118 119
 120 121 122 123 124 125 126 127 128 130 131 132 135 136 138 143 145 147
 148 149 150 151 152 153 154 155 158 159 160 161 162 163 164 165 166 167
 168 169 170 171 173 174 175]
Test: [  7  20  25  37  50  68  71  72  79  86  96 101 129 133 134 137 139 140
 141 142 144 146 156 157 172]


Chromosome/Abnormality: chr_18_p11_deletion
Split Method No. 0
Train: [ 0  1  2  3  4  5  6  7  8  9 11 12 13 14 15 16 17 18 20 21 22 23 24 25
 27 28 29 30 31 32 35 36 37 38 39 41 42 43 45 46 47 48 49 50 51 52 53 56
 57 58 59 61 62 63 64 65 66 67 68 69 71 72 73 74]
Test: [10 19 26 33 34 40 44 54 55 60 70]

Split Method No. 1
Train: [ 0  1  3  4  5  6  7  8  9 10 11 12 13 14 16 17 18 19 20 21 22 23 24 25
 26 28 29 30 31 32 33 34 36 37 38 40 41 42 44 45 46 48 49 50 51 52 54 55
 56 57 58 60 61 62 63 64 65 66 67 69 70 71 72 74]
Test: [ 2 15 27 35 39 43 47 53 59 68 73]

Split Method No. 2
Train: [ 0  1  2  4  5  6  7  8  9 10 11 12 13 14 15 16 17 18 19 20 22 23 24 25
 26 27 28 29 30 32 33 34 35 37 39 40 41 42 43 44 45 46 47 48 49 50 51 53
 54 55 59 60 61 62 63 64 67 68 69 70 71 72 73 74]
Test: [ 3 21 31 36 38 52 56 57 58 65 66]

Split Method No. 3
Train: [ 1  2  3  4  5  6  9 10 11 12 13 14 15 16 18 19 20 21 22 23 25 26 27 28
 29 30 31 32 33 34 35 36 37 38 39 40 41 42 43 44 47 49 50 51 52 53 54 55
 56 57 58 59 60 62 63 64 65 66 68 69 70 72 73 74]
Test: [ 0  7  8 17 24 45 46 48 61 67 71]

Split Method No. 4
Train: [ 0  1  2  3  5  6  7  8  9 10 11 12 15 16 17 18 19 20 21 24 25 26 27 28
 29 31 33 34 35 36 37 38 39 40 42 43 44 45 46 47 48 50 52 53 54 55 56 57
 58 59 60 61 62 63 64 65 66 67 68 70 71 72 73 74]
Test: [ 4 13 14 22 23 30 32 41 49 51 69]

Split Method No. 5
Train: [ 0  1  2  3  4  5  6  7  8  9 10 12 13 14 15 16 17 19 21 22 23 24 25 26
 27 30 31 32 33 34 35 36 37 38 39 40 41 43 44 45 46 47 48 49 51 52 53 54
 55 56 57 58 59 60 61 64 65 66 67 68 69 70 71 72 73]
Test: [11 18 20 28 29 42 50 62 63 74]

Split Method No. 6
Train: [ 0  2  3  4  7  8 10 11 13 14 15 17 18 19 20 21 22 23 24 26 27 28 29 30
 31 32 33 34 35 36 38 39 40 41 42 43 44 45 46 47 48 49 50 51 52 53 54 55
 56 57 58 59 60 61 62 63 65 66 67 68 69 70 71 73 74]
Test: [ 1  5  6  9 12 16 25 37 64 72]


