Chromosome/Abnormality: chr_x
Split Method No. 0
Train: [  0   1   2   3   5   6   7   8   9  10  12  13  14  15  17  18  19  20
  21  22  23  24  25  26  27  28  30  32  33  34  36  37  38  39  41  42
  43  44  45  46  48  49  50  52  54  55  56  57  58  59  60  61  62  63
  64  65  68  69  70  71  72  74  75  76  77  78  79  80  82  83  84  85
  86  87  88  89  90  91  92  93  94  96  97 100 101 103 104 105 106 107
 108 109 110 111 113 114 115 116 117 118 121 122 123 125 126 127 128 129
 130 131 133 134 135 136 137 138 139 140 141 142 143 144 145 146 147 149
 150 151 152 154 155 156 157 158 160 161 162 163 164 165 166 167 168 169
 170 171 172 173 174 175 176 177 178 179 180 182 183 184 185 186 187 188]
Test: [  4  11  16  29  31  35  40  47  51  53  66  67  73  81  95  98  99 102
 112 119 120 124 132 148 153 159 181]

Split Method No. 1
Train: [  0   1   2   3   4   6   7   8   9  10  11  12  13  15  16  18  20  21
  22  23  24  25  26  27  28  29  30  31  32  34  35  36  37  38  39  40
  41  43  44  45  46  47  49  50  51  52  53  54  55  57  60  61  62  63
  64  65  66  67  68  69  70  71  72  73  74  75  76  77  79  80  81  82
  83  85  86  87  88  89  91  92  95  96  97  98  99 100 101 102 103 104
 105 108 109 110 111 112 115 116 117 118 119 120 121 122 124 125 126 127
 128 129 130 131 132 133 134 136 137 138 139 140 141 142 143 144 145 146
 147 148 149 150 151 152 153 154 155 156 157 158 159 160 161 164 165 166
 169 171 172 173 174 175 176 177 178 179 180 181 182 183 184 185 186 188]
Test: [  5  14  17  19  33  42  48  56  58  59  78  84  90  93  94 106 107 113
 114 123 135 162 163 167 168 170 187]

Split Method No. 2
Train: [  0   1   2   3   4   5   6   7   8   9  10  11  14  15  16  17  19  20
  21  22  23  24  25  26  27  29  30  31  32  33  34  35  37  38  40  41
  42  43  46  47  48  49  50  51  52  53  55  56  57  58  59  60  61  62
  63  64  65  66  67  68  70  71  72  73  74  75  76  77  78  79  80  81
  83  84  85  86  87  88  89  90  91  92  93  94  95  96  97  98  99 100
 101 102 104 106 107 109 111 112 113 114 115 118 119 120 121 123 124 125
 126 127 128 129 131 132 133 134 135 136 137 138 139 140 141 142 143 144
 146 147 148 149 151 152 153 154 155 156 157 158 159 160 161 162 163 164
 166 167 168 170 171 173 175 177 178 179 180 181 182 184 185 186 187 188]
Test: [ 12  13  18  28  36  39  44  45  54  69  82 103 105 108 110 116 117 122
 130 145 150 165 169 172 174 176 183]

Split Method No. 3
Train: [  1   3   4   5   7   8   9  10  11  12  13  14  15  16  17  18  19  20
  22  23  24  25  26  27  28  29  30  31  32  33  34  35  36  37  38  39
  40  41  42  43  44  45  47  48  49  50  51  52  53  54  56  57  58  59
  60  61  63  64  66  67  68  69  71  72  73  74  76  78  79  80  81  82
  83  84  86  87  90  92  93  94  95  96  98  99 100 101 102 103 104 105
 106 107 108 109 110 111 112 113 114 115 116 117 119 120 121 122 123 124
 125 126 127 128 129 130 131 132 133 134 135 136 137 139 140 141 142 144
 145 146 147 148 149 150 151 153 154 156 157 159 160 161 162 163 165 166
 167 168 169 170 171 172 173 174 176 178 179 180 181 183 184 185 187 188]
Test: [  0   2   6  21  46  55  62  65  70  75  77  85  88  89  91  97 118 138
 143 152 155 158 164 175 177 182 186]

Split Method No. 4
Train: [  0   1   2   3   4   5   6   7   8  11  12  13  14  15  16  17  18  19
  20  21  22  24  25  26  28  29  30  31  33  35  36  37  39  40  41  42
  43  44  45  46  47  48  49  50  51  52  53  54  55  56  57  58  59  60
  61  62  63  64  65  66  67  68  69  70  71  72  73  75  76  77  78  79
  80  81  82  84  85  86  88  89  90  91  93  94  95  96  97  98  99 101
 102 103 105 106 107 108 109 110 112 113 114 115 116 117 118 119 120 121
 122 123 124 128 129 130 131 132 133 134 135 137 138 139 140 141 142 143
 144 145 146 148 149 150 152 153 154 155 156 157 158 159 160 162 163 164
 165 166 167 168 169 170 172 174 175 176 177 180 181 182 183 185 186 187]
Test: [  9  10  23  27  32  34  38  74  83  87  92 100 104 111 125 126 127 136
 147 151 161 171 173 178 179 184 188]

Split Method No. 5
Train: [  0   2   4   5   6   7   9  10  11  12  13  14  16  17  18  19  20  21
  23  25  27  28  29  31  32  33  34  35  36  37  38  39  40  42  44  45
  46  47  48  50  51  53  54  55  56  58  59  61  62  63  65  66  67  68
  69  70  71  72  73  74  75  77  78  79  81  82  83  84  85  86  87  88
  89  90  91  92  93  94  95  96  97  98  99 100 101 102 103 104 105 106
 107 108 110 111 112 113 114 116 117 118 119 120 122 123 124 125 126 127
 129 130 132 133 134 135 136 137 138 139 140 141 142 143 144 145 146 147
 148 150 151 152 153 155 156 157 158 159 161 162 163 164 165 167 168 169
 170 171 172 173 174 175 176 177 178 179 181 182 183 184 185 186 187 188]
Test: [  1   3   8  15  22  24  26  30  41  43  49  52  57  60  64  76  80 109
 115 121 128 131 149 154 160 166 180]

Split Method No. 6
Train: [  0   1   2   3   4   5   6   8   9  10  11  12  13  14  15  16  17  18
  19  21  22  23  24  26  27  28  29  30  31  32  33  34  35  36  38  39
  40  41  42  43  44  45  46  47  48  49  51  52  53  54  55  56  57  58
  59  60  62  64  65  66  67  69  70  73  74  75  76  77  78  80  81  82
  83  84  85  87  88  89  90  91  92  93  94  95  97  98  99 100 102 103
 104 105 106 107 108 109 110 111 112 113 114 115 116 117 118 119 120 121
 122 123 124 125 126 127 128 130 131 132 135 136 138 143 145 147 148 149
 150 151 152 153 154 155 158 159 160 161 162 163 164 165 166 167 168 169
 170 171 172 173 174 175 176 177 178 179 180 181 182 183 184 186 187 188]
Test: [  7  20  25  37  50  61  63  68  71  72  79  86  96 101 129 133 134 137
 139 140 141 142 144 146 156 157 185]


Chromosome/Abnormality: chr_x_q21_cnv
Split Method No. 0
Train: [ 0  1  4  5  6  7  8  9 10 11 12 13 14 15 16 17 18 19 20 21 22 23 24 25
 26 28 30 31 32 33 34 36 37 39 41 42 43 44 45 46 47 49]
Test: [ 2  3 27 29 35 38 40 48]

Split Method No. 1
Train: [ 0  1  2  3  4  5  6  7  8  9 10 11 12 13 14 15 16 17 18 20 22 23 24 25
 26 27 28 29 30 33 34 35 37 38 40 41 42 43 44 45 47 48 49]
Test: [19 21 31 32 36 39 46]

Split Method No. 2
Train: [ 0  1  2  3  4  5  6  7  8  9 10 11 12 14 15 16 18 19 20 21 23 24 25 27
 28 29 30 31 32 33 34 35 36 37 38 39 40 43 44 45 46 47 48]
Test: [13 17 22 26 41 42 49]

Split Method No. 3
Train: [ 0  1  2  3  5  6  7  8  9 10 11 12 13 15 16 17 18 19 20 21 22 25 26 27
 28 29 31 32 34 35 36 37 38 39 40 41 42 43 44 46 47 48 49]
Test: [ 4 14 23 24 30 33 45]

Split Method No. 4
Train: [ 0  1  2  3  4  5  6  7  8  9 11 12 13 14 15 16 17 19 21 22 23 24 26 27
 29 30 31 32 33 35 36 37 38 39 40 41 42 43 45 46 47 48 49]
Test: [10 18 20 25 28 34 44]

Split Method No. 5
Train: [ 2  3  4  5  8  9 10 11 12 13 14 17 18 19 20 21 22 23 24 25 26 27 28 29
 30 31 32 33 34 35 36 37 38 39 40 41 42 43 44 45 46 48 49]
Test: [ 0  1  6  7 15 16 47]

Split Method No. 6
Train: [ 0  1  2  3  4  6  7 10 13 14 15 16 17 18 19 20 21 22 23 24 25 26 27 28
 29 30 31 32 33 34 35 36 38 39 40 41 42 44 45 46 47 48 49]
Test: [ 5  8  9 11 12 37 43]


