Chromosome/Abnormality: chr_05
Split Method No. 0
Train: [  0   1   2   3   5   6   7   8   9  10  12  13  14  15  17  19  20  21
  22  23  24  25  26  27  30  32  33  36  37  39  40  41  42  43  45  46
  48  49  50  51  52  53  54  55  56  57  58  60  61  62  63  64  65  66
  67  68  69  70  71  72  73  74  75  76  77  79  80  81  82  83  84  85
  86  87  88  89  90  91  92  94  95  96  98  99 100 101 102 103 104 105
 106 107 109 110 111 113 114 115 116 118 119 120 121 122 123 124 125 126
 127 128 129 130 131 132 133 134 135 136 137 138 139 140 141 142 143 144
 146 148 149 150 151 152 153 154 155 156 157 158 160 161 162 164 167 168
 170 171 173 174 175 176 177 178 179 180 182 183 184 185 186 187 188 189
 190 191 192 193 194 195 196 197 198 200]
Test: [  4  11  16  18  28  29  31  34  35  38  44  47  59  78  93  97 108 112
 117 145 147 159 163 165 166 169 172 181 199]

Split Method No. 1
Train: [  0   1   2   3   4   5   6   7   8   9  10  11  12  13  15  16  17  18
  20  21  22  23  24  25  26  28  29  30  31  32  34  35  36  37  38  41
  42  43  44  45  46  47  48  49  50  52  54  55  57  59  60  61  62  63
  64  65  66  68  69  70  71  72  74  75  76  77  78  79  80  81  82  83
  85  86  87  88  90  91  92  93  95  96  97  99 100 101 102 104 105 106
 107 108 109 111 112 113 114 115 116 117 118 119 120 121 123 124 125 126
 128 129 130 131 133 134 135 136 137 139 140 141 142 143 144 145 146 147
 148 149 150 151 152 153 154 155 156 157 159 160 161 162 163 164 165 166
 167 168 169 170 171 172 174 176 177 178 179 181 182 183 184 185 186 187
 189 191 192 193 194 196 197 198 199 200]
Test: [ 14  19  27  33  39  40  51  53  56  58  67  73  84  89  94  98 103 110
 122 127 132 138 158 173 175 180 188 190 195]

Split Method No. 2
Train: [  0   1   2   3   4   6   7   8   9  10  11  13  14  15  16  18  19  20
  21  22  23  24  25  26  27  28  29  30  31  32  33  34  35  36  37  38
  39  40  41  43  44  45  46  47  49  50  51  52  53  55  56  57  58  59
  60  61  62  63  64  65  67  68  70  71  72  73  74  75  76  77  78  79
  80  82  83  84  85  86  87  88  89  91  92  93  94  96  97  98 100 101
 102 103 104 105 108 109 110 111 112 113 114 115 117 121 122 125 126 127
 128 129 131 132 133 134 135 136 137 138 139 140 141 142 143 144 145 146
 147 148 149 151 152 153 154 156 157 158 159 160 161 162 163 164 165 166
 169 170 171 172 173 174 175 176 178 179 180 181 182 183 186 187 188 189
 190 191 192 193 194 195 196 197 198 199]
Test: [  5  12  17  42  48  54  66  69  81  90  95  99 106 107 116 118 119 120
 123 124 130 150 155 167 168 177 184 185 200]

Split Method No. 3
Train: [  1   3   4   5   7   8   9  10  11  12  14  15  16  17  18  19  20  22
  23  24  25  26  27  28  29  30  31  32  33  34  35  37  38  39  40  41
  42  43  44  46  47  48  49  50  51  52  53  54  55  56  57  58  59  60
  61  62  63  64  65  66  67  68  69  71  72  73  74  76  78  79  80  81
  83  84  86  87  88  89  90  92  93  94  95  96  97  98  99 100 101 103
 104 106 107 108 109 110 111 112 115 116 117 118 119 120 121 122 123 124
 125 126 127 128 129 130 131 132 133 134 135 136 137 138 139 140 141 142
 144 145 146 147 148 149 150 152 155 156 157 158 159 160 161 163 164 165
 166 167 168 169 170 171 172 173 175 176 177 178 180 181 182 184 185 188
 189 190 191 192 193 194 195 197 199 200]
Test: [  0   2   6  13  21  36  45  70  75  77  82  85  91 102 105 113 114 143
 151 153 154 162 174 179 183 186 187 196 198]

Split Method No. 4
Train: [  0   1   2   3   4   5   6   7   8  11  12  13  14  15  16  17  18  19
  20  21  22  24  25  26  27  28  29  30  31  33  34  35  36  37  38  39
  40  41  42  43  44  45  47  48  49  50  51  52  53  54  56  57  58  59
  60  61  63  64  66  67  68  69  70  71  72  73  75  76  77  78  79  80
  81  82  84  85  86  89  90  91  93  94  95  96  97  98  99 101 102 103
 105 106 107 108 109 110 112 113 114 115 116 117 118 119 120 121 122 123
 124 127 128 129 130 131 132 133 134 137 138 139 140 141 142 143 144 145
 146 147 149 150 151 153 154 155 156 157 158 159 162 163 164 165 166 167
 168 169 170 172 173 174 175 176 177 178 179 180 181 183 184 185 186 187
 188 190 191 192 195 196 197 198 199 200]
Test: [  9  10  23  32  46  55  62  65  74  83  87  88  92 100 104 111 125 126
 135 136 148 152 160 161 171 182 189 193 194]

Split Method No. 5
Train: [  0   2   4   5   6   7   9  10  11  12  13  14  16  17  18  19  20  21
  23  25  27  28  29  31  32  33  34  35  36  37  38  39  40  42  44  45
  46  47  48  50  51  53  54  55  56  58  59  62  63  65  66  67  68  69
  70  71  72  73  74  75  77  78  79  81  82  83  84  85  86  87  88  89
  90  91  92  93  94  95  96  97  98  99 100 101 102 103 104 105 106 107
 108 110 111 112 113 114 116 117 118 119 120 122 123 124 125 126 127 129
 130 132 133 134 135 136 137 138 139 140 141 142 143 144 145 146 147 148
 150 151 152 153 154 155 156 157 158 159 160 161 162 163 165 166 167 168
 169 171 172 173 174 175 177 178 179 180 181 182 183 184 185 186 187 188
 189 190 192 193 194 195 196 197 198 199 200]
Test: [  1   3   8  15  22  24  26  30  41  43  49  52  57  60  61  64  76  80
 109 115 121 128 131 149 164 170 176 191]

Split Method No. 6
Train: [  0   1   2   3   4   5   6   8   9  10  11  12  13  14  15  16  17  18
  19  21  22  23  24  26  27  28  29  30  31  32  33  34  35  36  38  39
  40  41  42  43  44  45  46  47  48  49  51  52  53  54  55  56  57  58
  59  60  61  62  64  65  66  67  69  70  73  74  75  76  77  78  80  81
  82  83  84  85  87  88  89  90  91  92  93  94  95  97  98  99 100 102
 103 104 105 106 107 108 109 110 111 112 113 114 115 116 117 118 119 120
 121 122 123 124 125 126 127 128 130 131 132 135 136 138 143 145 147 148
 149 150 151 152 153 154 155 158 159 160 161 162 163 164 165 166 167 168
 169 170 171 172 173 174 175 176 177 179 180 181 182 183 184 185 186 187
 188 189 190 191 193 194 195 196 198 199 200]
Test: [  7  20  25  37  50  63  68  71  72  79  86  96 101 129 133 134 137 139
 140 141 142 144 146 156 157 178 192 197]


Chromosome/Abnormality: chr_5_p14_deletion
Split Method No. 0
Train: [ 0  1  2  3  4  5  6  7  8  9 11 12 13 14 15 16 17 18 20 21 22 23 24 25
 27 28 29 30 31 32 35 36 37 38 39 41 42 43 45 46 47 48 49 50 51 52 53 54
 57 58 59 60 62 63 64 65 66 67 68 69 70 72 73 74 75]
Test: [10 19 26 33 34 40 44 55 56 61 71]

Split Method No. 1
Train: [ 0  1  3  4  5  6  7  8  9 10 11 12 13 14 16 17 18 19 20 21 22 23 24 25
 26 28 29 30 31 32 33 34 36 37 38 40 41 42 44 45 46 48 49 50 52 53 54 55
 56 57 58 59 61 62 63 64 65 66 67 68 70 71 72 73 75]
Test: [ 2 15 27 35 39 43 47 51 60 69 74]

Split Method No. 2
Train: [ 0  1  2  4  5  6  7  8  9 10 11 12 13 14 15 16 17 18 19 20 22 23 24 25
 26 27 28 29 30 32 33 34 35 37 39 40 41 42 43 44 45 46 47 48 49 50 51 52
 54 55 56 60 61 62 63 64 65 68 69 70 71 72 73 74 75]
Test: [ 3 21 31 36 38 53 57 58 59 66 67]

Split Method No. 3
Train: [ 1  2  3  4  5  6  9 10 11 12 13 14 15 16 18 19 20 21 22 23 25 26 27 28
 29 30 31 32 33 34 35 36 37 38 39 40 41 42 43 44 47 49 50 51 52 53 54 55
 56 57 58 59 60 61 62 64 65 66 67 69 70 71 72 74 75]
Test: [ 0  7  8 17 24 45 46 48 63 68 73]

Split Method No. 4
Train: [ 0  1  2  3  5  6  7  8  9 10 11 12 14 15 16 17 18 19 20 21 24 25 26 27
 28 29 31 33 34 35 36 37 38 39 40 42 43 44 45 46 47 48 50 51 53 55 56 57
 58 59 60 61 62 63 64 66 67 68 69 70 71 72 73 74 75]
Test: [ 4 13 22 23 30 32 41 49 52 54 65]

Split Method No. 5
Train: [ 0  1  2  3  4  5  6  7  8  9 10 12 13 15 16 17 19 21 22 23 24 25 26 27
 30 31 32 33 34 35 36 37 38 39 40 41 43 44 45 46 47 48 49 51 52 53 54 55
 56 57 58 59 60 61 63 64 65 66 67 68 69 71 72 73 74]
Test: [11 14 18 20 28 29 42 50 62 70 75]

Split Method No. 6
Train: [ 0  2  3  4  7  8 10 11 13 14 15 17 18 19 20 21 22 23 24 26 27 28 29 30
 31 32 33 34 35 36 38 39 40 41 42 43 44 45 46 47 48 49 50 51 52 53 54 55
 56 57 58 59 60 61 62 63 65 66 67 68 69 70 71 73 74 75]
Test: [ 1  5  6  9 12 16 25 37 64 72]


