Chromosome/Abnormality: chr_09
Split Method No. 0
Train: [  0   1   2   3   5   6   7   8   9  10  11  13  14  15  16  17  18  19
  20  21  22  23  24  25  26  28  29  30  31  32  33  35  36  37  40  41
  42  43  45  46  47  48  49  50  52  53  54  55  56  57  59  60  61  63
  64  65  66  67  68  69  70  71  72  74  75  76  77  79  80  81  82  83
  84  86  87  88  89  91  92  93  94  95  96  97  98  99 100 101 103 104
 105 108 109 110 111 112 113 115 118 119 120 121 122 124 125 126 128 129
 130 131 132 133 134 135 136 137 138 139 141 142 143 144 145 146 147 148
 149 150 151 152 153 154 155 156 157 158 159 160 161 162 163 164 165 166
 167 168 169 170 171 172 174 175 176 177 178 179 180 181 182 183 184 185
 187 188 189 191 192 193 196 197 198 199 200 201 202 203 204 205 206 207
 208 209 210 211 212 213 214 215 216 217 218 220 221 222 224 225 226 227
 228 229 230 231 234 235 236 237 238 239 240 241 242 243 244 246 247 248
 250 253 254 255 256 258]
Test: [  4  12  27  34  38  39  44  51  58  62  73  78  85  90 102 106 107 114
 116 117 123 127 140 173 186 190 194 195 219 223 232 233 245 249 251 252
 257 259]

Split Method No. 1
Train: [  1   2   3   4   5   6   7   8   9  10  12  13  14  15  17  20  21  22
  23  24  25  26  27  30  32  34  36  37  38  39  41  42  43  44  45  46
  48  49  50  51  52  53  54  55  56  57  58  59  60  61  62  63  64  65
  66  68  70  71  72  73  74  75  76  77  78  79  80  81  82  83  84  85
  86  87  89  90  92  93  94  96  97  98  99 100 101 102 103 104 105 106
 107 108 109 110 111 112 113 114 115 116 117 119 120 121 122 123 124 125
 126 127 128 129 131 133 134 135 136 137 139 140 141 142 143 144 145 146
 148 149 150 151 152 153 154 155 156 157 158 160 161 162 164 165 166 168
 169 172 173 174 175 176 177 178 180 181 182 183 186 187 189 190 191 192
 193 194 195 196 197 198 199 200 201 202 203 204 205 206 207 208 209 210
 211 212 213 214 215 216 217 218 219 220 221 222 223 224 225 226 227 228
 229 231 232 233 234 235 237 239 241 242 243 244 245 247 249 250 251 252
 253 254 255 256 257 258 259]
Test: [  0  11  16  18  19  28  29  31  33  35  40  47  67  69  88  91  95 118
 130 132 138 147 159 163 167 170 171 179 184 185 188 230 236 238 240 246
 248]

Split Method No. 2
Train: [  0   1   2   3   4   6   7   8   9  10  11  12  13  15  16  18  19  20
  22  23  24  25  26  27  28  29  30  31  32  33  34  35  36  37  38  39
  40  41  43  44  45  46  47  49  50  51  52  54  57  58  60  61  62  63
  64  65  66  67  68  69  70  71  72  73  74  75  76  77  78  79  80  81
  82  83  85  86  87  88  90  91  92  94  95  96  97  98 100 101 102 103
 104 105 106 107 108 109 111 113 114 115 116 117 118 121 123 124 125 126
 127 128 129 130 131 132 133 134 135 136 137 138 139 140 141 142 143 144
 146 147 149 150 151 152 153 155 156 157 159 160 161 162 163 164 165 166
 167 168 169 170 171 173 175 177 178 179 180 184 185 186 187 188 189 190
 192 193 194 195 196 197 198 199 200 201 202 203 204 205 206 208 209 211
 212 213 214 215 216 217 218 219 220 221 222 223 224 225 226 227 228 230
 231 232 233 234 235 236 237 238 239 240 242 244 245 246 247 248 249 251
 252 254 255 256 257 258 259]
Test: [  5  14  17  21  42  48  53  55  56  59  84  89  93  99 110 112 119 120
 122 145 148 154 158 172 174 176 181 182 183 191 207 210 229 241 243 250
 253]

Split Method No. 3
Train: [  0   1   2   3   4   5   6   7   8   9  10  11  12  14  15  16  17  18
  19  20  21  22  23  24  25  26  27  28  29  30  31  32  33  34  35  37
  38  39  40  41  42  43  44  46  47  48  49  50  51  52  53  55  56  57
  58  59  60  61  62  63  64  65  67  68  69  71  72  73  74  76  77  78
  79  80  83  84  85  86  87  88  89  90  91  92  93  95  96  99 100 101
 102 104 106 107 109 110 111 112 113 114 115 116 117 118 119 120 121 122
 123 125 126 127 128 129 130 131 132 133 134 135 136 137 138 139 140 141
 142 143 144 145 146 147 148 149 151 153 154 155 156 157 158 159 160 162
 163 165 166 167 170 171 172 173 174 175 176 178 179 180 181 182 183 184
 185 186 188 189 190 191 192 194 195 196 197 198 200 201 202 203 204 205
 206 207 209 210 212 213 215 218 219 220 221 222 223 224 226 229 230 231
 232 233 234 235 236 237 238 240 241 243 244 245 246 247 248 249 250 251
 252 253 254 255 256 257 259]
Test: [ 13  36  45  54  66  70  75  81  82  94  97  98 103 105 108 124 150 152
 161 164 168 169 177 187 193 199 208 211 214 216 217 225 227 228 239 242
 258]

Split Method No. 4
Train: [  0   1   3   4   5   7   8  11  12  13  14  15  16  17  18  19  20  21
  22  24  25  26  27  28  29  30  31  33  34  35  36  37  38  39  40  41
  42  43  44  45  47  48  49  50  51  52  53  54  55  56  57  58  59  60
  61  62  63  64  66  67  68  69  70  71  72  73  75  76  78  79  80  81
  82  84  85  86  88  89  90  91  93  94  95  96  97  98  99 101 102 103
 105 106 107 108 109 110 111 112 114 115 116 117 118 119 120 121 122 123
 124 127 128 129 130 131 132 133 134 135 137 138 139 140 141 142 144 145
 146 147 148 149 150 152 154 156 157 158 159 161 163 164 167 168 169 170
 171 172 173 174 175 176 177 178 179 181 182 183 184 185 186 187 188 190
 191 192 193 194 195 196 197 198 199 200 203 204 207 208 209 210 211 212
 213 214 215 216 217 219 220 222 223 225 226 227 228 229 230 231 232 233
 234 235 236 237 238 239 240 241 242 243 244 245 246 247 248 249 250 251
 252 253 255 256 257 258 259]
Test: [  2   6   9  10  23  32  46  65  74  77  83  87  92 100 104 113 125 126
 136 143 151 153 155 160 162 165 166 180 189 201 202 205 206 218 221 224
 254]

Split Method No. 5
Train: [  0   2   4   5   6   7   9  10  11  12  13  14  16  17  18  19  20  21
  23  25  27  28  29  31  32  33  34  35  36  37  38  39  40  42  44  45
  46  47  48  50  51  53  54  55  56  58  59  62  63  65  66  67  68  69
  70  71  72  73  74  75  77  78  79  81  82  83  84  85  86  87  88  89
  90  91  92  93  94  95  96  97  98  99 100 101 102 103 104 105 106 107
 108 110 112 113 114 116 117 118 119 120 122 123 124 125 126 127 129 130
 132 133 134 136 137 138 139 140 141 142 143 144 145 146 147 148 150 151
 152 153 154 155 156 157 158 159 160 161 162 163 164 165 166 167 168 169
 170 171 172 173 174 176 177 178 179 180 181 182 183 184 185 186 187 188
 189 190 191 192 193 194 195 199 201 202 203 204 205 206 207 208 210 211
 212 214 215 216 217 218 219 221 222 223 224 225 227 228 229 230 231 232
 233 234 235 236 237 238 239 240 241 242 243 245 246 248 249 250 251 252
 253 254 255 256 257 258 259]
Test: [  1   3   8  15  22  24  26  30  41  43  49  52  57  60  61  64  76  80
 109 111 115 121 128 131 135 149 175 196 197 198 200 209 213 220 226 244
 247]

Split Method No. 6
Train: [  0   1   2   3   4   5   6   8   9  10  11  12  13  14  15  16  17  18
  19  21  22  23  24  26  27  28  29  30  31  32  33  34  35  36  38  39
  40  41  42  43  44  45  46  47  48  49  51  52  53  54  55  56  57  58
  59  60  61  62  64  65  66  67  69  70  73  74  75  76  77  78  80  81
  82  83  84  85  87  88  89  90  91  92  93  94  95  97  98  99 100 102
 103 104 105 106 107 108 109 110 111 112 113 114 115 116 117 118 119 120
 121 122 123 124 125 126 127 128 130 131 132 135 136 138 140 143 145 147
 148 149 150 151 152 153 154 155 158 159 160 161 162 163 164 165 166 167
 168 169 170 171 172 173 174 175 176 177 179 180 181 182 183 184 185 186
 187 188 189 190 191 193 194 195 196 197 198 199 200 201 202 205 206 207
 208 209 210 211 213 214 216 217 218 219 220 221 223 224 225 226 227 228
 229 230 232 233 236 238 239 240 241 242 243 244 245 246 247 248 249 250
 251 252 253 254 257 258 259]
Test: [  7  20  25  37  50  63  68  71  72  79  86  96 101 129 133 134 137 139
 141 142 144 146 156 157 178 192 203 204 212 215 222 231 234 235 237 255
 256]


Chromosome/Abnormality: chr_9_inversion
Split Method No. 0
Train: [  0   1   2   3   5   6   7   8   9  10  12  13  15  16  17  18  20  21
  22  23  24  25  26  27  28  29  30  32  33  34  36  37  38  39  41  43
  44  45  46  47  48  49  50  52  54  55  56  57  58  59  60  61  62  63
  64  65  66  67  68  70  71  72  74  76  77  78  79  80  81  82  83  84
  85  86  87  88  89  90  91  92  94  95  96  97  98  99 100 101 103 104
 107 108 109 111 113 115 116 117 118 119 120 121 122 124 125 127 128 129
 130 131 132 133 134 136 137 138 139 140 141 142 143 144 145 146 147 149
 150 151 152 153 154 155 156 157 158 159 160 161 162 163 164 165 166 168
 169 170 171 172]
Test: [  4  11  14  19  31  35  40  42  51  53  69  73  75  93 102 105 106 110
 112 114 123 126 135 148 167]

Split Method No. 1
Train: [  0   1   2   3   4   6   7   8   9  10  11  12  13  14  15  17  19  20
  21  22  23  24  25  26  27  28  30  31  32  34  35  36  37  38  40  41
  42  43  45  46  49  50  51  52  53  55  57  60  61  62  63  64  65  66
  67  68  69  70  71  72  73  74  75  76  77  78  79  80  82  83  84  86
  87  88  91  92  93  94  96  97  98  99 100 101 102 103 104 105 106 107
 108 109 110 111 112 113 114 115 116 119 120 121 122 123 124 125 126 128
 129 130 131 132 133 134 135 136 137 138 139 140 141 142 143 144 145 146
 148 149 150 151 153 154 156 157 158 159 161 162 163 164 165 166 167 168
 169 170 171 172]
Test: [  5  16  18  29  33  39  44  47  48  54  56  58  59  81  85  89  90  95
 117 118 127 147 152 155 160]

Split Method No. 2
Train: [  0   1   2   3   4   5   6   7   8   9  10  11  14  15  16  18  19  20
  21  22  23  24  25  26  27  29  30  31  32  33  34  35  37  38  39  40
  41  42  43  44  46  47  48  49  50  51  52  53  54  55  56  57  58  59
  60  61  62  63  64  65  67  68  69  70  71  72  73  74  75  76  77  79
  80  81  82  83  84  85  86  87  89  90  93  95  96  98  99 100 101 102
 103 104 105 106 107 109 110 111 112 113 114 115 116 117 118 119 121 122
 123 126 127 128 129 130 131 133 134 135 137 139 140 141 142 143 144 145
 146 147 148 149 150 151 152 153 154 155 156 159 160 162 163 164 165 167
 168 169 171 172]
Test: [ 12  13  17  28  36  45  66  78  88  91  92  94  97 108 120 124 125 132
 136 138 157 158 161 166 170]

Split Method No. 3
Train: [  1   3   4   5   7   8   9  11  12  13  14  15  16  17  18  19  20  22
  23  24  25  26  27  28  29  30  31  33  35  36  37  38  39  40  41  42
  43  44  45  47  48  49  50  51  52  53  54  56  57  58  59  60  61  63
  64  66  67  68  69  71  72  73  75  76  78  79  80  81  82  83  85  86
  87  88  89  90  91  92  93  94  95  96  97  98 100 101 102 103 104 105
 106 108 109 110 111 112 114 115 117 118 119 120 121 123 124 125 126 127
 128 129 131 132 133 134 135 136 137 138 139 140 141 142 144 145 146 147
 148 149 151 152 154 155 156 157 158 159 160 161 162 163 164 165 166 167
 169 170 171 172]
Test: [  0   2   6  10  21  32  34  46  55  62  65  70  74  77  84  99 107 113
 116 122 130 143 150 153 168]

Split Method No. 4
Train: [  0   1   2   3   4   5   6   7   8  10  11  12  13  14  16  17  18  19
  20  21  22  24  25  26  28  29  30  31  32  33  34  35  36  37  39  40
  42  43  44  45  46  47  48  49  50  51  52  53  54  55  56  57  58  59
  60  61  62  63  65  66  68  69  70  71  72  73  74  75  76  77  78  79
  80  81  84  85  86  88  89  90  91  92  93  94  95  96  97  99 101 102
 105 106 107 108 109 110 112 113 114 115 116 117 118 120 121 122 123 124
 125 126 127 128 129 130 131 132 133 134 135 136 137 138 139 140 141 142
 143 144 145 146 147 148 150 152 153 155 156 157 158 160 161 164 166 167
 168 169 170 171]
Test: [  9  15  23  27  38  41  64  67  82  83  87  98 100 103 104 111 119 149
 151 154 159 162 163 165 172]

Split Method No. 5
Train: [  0   2   4   5   6   7   9  10  11  12  13  14  15  16  17  18  19  20
  21  23  25  27  28  29  31  32  33  34  35  36  37  38  39  40  41  42
  44  45  46  47  48  50  51  53  54  55  56  58  59  62  64  65  66  67
  68  69  70  71  72  73  74  75  77  78  79  81  82  83  84  85  86  87
  88  89  90  91  92  93  94  95  96  97  98  99 100 101 102 103 104 105
 106 107 108 110 111 112 113 114 116 117 118 119 120 122 123 124 125 126
 127 129 130 132 133 134 135 136 137 138 139 140 141 142 143 144 146 147
 148 149 150 151 152 153 154 155 156 157 158 159 160 161 162 163 165 166
 167 168 169 170 172]
Test: [  1   3   8  22  24  26  30  43  49  52  57  60  61  63  76  80 109 115
 121 128 131 145 164 171]

Split Method No. 6
Train: [  0   1   2   3   4   5   6   8   9  10  11  12  13  14  15  16  17  18
  19  21  22  23  24  26  27  28  29  30  31  32  33  34  35  36  38  39
  40  41  42  43  44  45  46  47  48  49  51  52  53  54  55  56  57  58
  59  60  61  62  63  64  65  66  67  69  70  73  74  75  76  77  78  80
  81  82  83  84  85  87  88  89  90  91  92  93  94  95  97  98  99 100
 102 103 104 105 106 107 108 109 110 111 112 113 114 115 116 117 118 119
 120 121 122 123 124 125 126 127 128 130 131 132 135 136 138 143 145 147
 148 149 150 151 152 153 154 155 157 158 159 160 161 162 163 164 165 166
 167 168 170 171 172]
Test: [  7  20  25  37  50  68  71  72  79  86  96 101 129 133 134 137 139 140
 141 142 144 146 156 169]


