Chromosome/Abnormality: chr_18
Split Method No. 0
Train: [  0   1   2   3   6   7   8   9  10  12  13  15  17  18  20  21  22  23
  24  25  26  27  28  30  32  33  34  36  37  38  39  41  43  44  45  46
  48  49  50  52  54  55  56  57  58  59  60  61  62  63  64  65  66  67
  68  70  71  72  74  76  77  78  79  80  81  82  83  84  86  87  88  89
  91  92  93  95  96  97  98  99 100 101 103 104 107 108 109 111 112 113
 114 115 116 117 118 120 121 122 123 125 128 129 130 131 132 133 134 135
 137 138 139 140 141 142 143 144 145 146 147 148 151 152 153 156 157 158
 160 161 162 164 165 166 167 168 169 171 172 173 174 175]
Test: [  4   5  11  14  16  19  29  31  35  40  42  47  51  53  69  73  75  85
  90  94 102 105 106 110 119 124 126 127 136 149 150 154 155 159 163 170]

Split Method No. 1
Train: [  0   1   2   3   4   5   6   7   8   9  10  11  14  15  16  19  20  21
  22  23  24  25  26  27  29  30  31  32  34  35  37  38  40  41  42  43
  46  47  49  50  51  52  53  55  57  60  61  62  63  64  65  67  68  69
  70  71  72  73  74  75  76  77  79  80  82  83  84  85  86  87  90  92
  94  96  97  98 100 101 102 103 104 105 106 107 108 109 110 111 114 115
 116 117 119 120 121 123 124 126 127 128 129 130 131 132 133 134 135 136
 137 138 139 140 141 142 143 144 146 147 148 149 150 151 152 153 154 155
 156 157 158 159 160 163 164 165 166 167 168 170 172 173 175]
Test: [ 12  13  17  18  28  33  36  39  44  45  48  54  56  58  59  66  78  81
  88  89  91  93  95  99 112 113 118 122 125 145 161 162 169 171 174]

Split Method No. 2
Train: [  1   3   4   5   7   8   9  11  12  13  14  15  16  17  18  19  20  22
  23  24  25  26  27  28  29  30  31  33  35  36  37  39  40  41  42  43
  44  45  47  48  49  50  51  52  53  54  56  57  58  59  60  61  63  64
  66  67  68  69  71  72  73  75  76  78  79  80  81  82  85  86  87  88
  89  90  91  93  94  95  96  98  99 100 101 102 103 104 105 106 109 110
 111 112 113 115 118 119 120 121 122 124 125 126 127 128 129 130 131 133
 134 136 137 139 140 141 142 144 145 146 147 148 149 150 151 153 154 155
 156 157 158 159 160 161 162 163 165 167 169 170 171 172 174]
Test: [  0   2   6  10  21  32  34  38  46  55  62  65  70  74  77  83  84  92
  97 107 108 114 116 117 123 132 135 138 143 152 164 166 168 173 175]

Split Method No. 3
Train: [  0   1   2   4   5   6   7   8  10  11  12  13  14  16  17  18  19  20
  21  22  25  28  29  31  32  33  34  35  36  37  38  39  40  42  44  45
  46  47  48  50  51  53  54  55  56  57  58  59  60  61  62  63  65  66
  68  69  70  71  72  73  74  75  77  78  79  81  83  84  85  86  88  89
  90  91  92  93  94  95  96  97  99 101 102 105 106 107 108 110 112 113
 114 115 116 117 118 119 122 123 124 125 126 127 128 129 132 133 134 135
 136 137 138 139 140 141 142 143 144 145 146 149 150 152 153 154 155 156
 157 159 161 162 163 164 166 168 169 170 171 172 173 174 175]
Test: [  3   9  15  23  24  26  27  30  41  43  49  52  64  67  76  80  82  87
  98 100 103 104 109 111 120 121 130 131 147 148 151 158 160 165 167]

Split Method No. 4
Train: [  0   2   3   4   5   6   9  10  11  12  13  14  15  16  17  18  19  21
  23  24  26  27  28  29  30  31  32  33  34  35  36  38  39  40  41  42
  43  44  45  46  47  48  49  51  52  53  54  55  56  58  59  62  64  65
  66  67  69  70  73  74  75  76  77  78  80  81  82  83  84  85  87  88
  89  90  91  92  93  94  95  97  98  99 100 102 103 104 105 106 107 108
 109 110 111 112 113 114 116 117 118 119 120 121 122 123 124 125 126 127
 130 131 132 135 136 138 143 145 147 148 149 150 151 152 154 155 158 159
 160 161 162 163 164 165 166 167 168 169 170 171 173 174 175]
Test: [  1   7   8  20  22  25  37  50  57  60  61  63  68  71  72  79  86  96
 101 115 128 129 133 134 137 139 140 141 142 144 146 153 156 157 172]


Chromosome/Abnormality: chr_18_q10_isochromosome
Split Method No. 0
Train: [ 0  1  2  4  5  6  7  8  9 10 11 12 13 14 15 16 17 18 24 25 26 28 29 30]
Test: [ 3 19 20 21 22 23 27]

Split Method No. 1
Train: [ 0  1  2  3  4  5  6  7  8  9 11 12 13 15 16 19 20 21 22 23 26 27 28 29
 30]
Test: [10 14 17 18 24 25]

Split Method No. 2
Train: [ 0  1  3  5  8  9 10 11 12 14 15 16 17 18 19 20 21 22 23 24 25 27 28 29
 30]
Test: [ 2  4  6  7 13 26]

Split Method No. 3
Train: [ 2  3  4  5  6  7  8  9 10 11 12 13 14 17 18 19 20 21 22 23 24 25 26 27
 29]
Test: [ 0  1 15 16 28 30]

Split Method No. 4
Train: [ 0  1  2  3  4  6  7 10 13 14 15 16 17 18 19 20 21 22 23 24 25 26 27 28
 30]
Test: [ 5  8  9 11 12 29]


